Calibration values (ps) from cell 0 to 1024 :

00000.000	00000.193	00000.386	00000.579	00000.773	00000.966	00001.161	00001.355	cell = 0 to 7
00001.549	00001.744	00001.938	00002.133	00002.328	00002.523	00002.718	00002.913	cell = 8 to 15
00003.108	00003.304	00003.500	00003.695	00003.891	00004.086	00004.282	00004.477	cell = 16 to 23
00004.673	00004.869	00005.065	00005.261	00005.457	00005.654	00005.850	00006.046	cell = 24 to 31
00006.242	00006.439	00006.635	00006.831	00007.027	00007.223	00007.419	00007.615	cell = 32 to 39
00007.812	00008.008	00008.204	00008.401	00008.597	00008.793	00008.989	00009.185	cell = 40 to 47
00009.381	00009.577	00009.774	00009.970	00010.166	00010.362	00010.559	00010.755	cell = 48 to 55
00010.951	00011.148	00011.344	00011.541	00011.738	00011.935	00012.132	00012.328	cell = 56 to 63
00012.525	00012.722	00012.920	00013.117	00013.315	00013.512	00013.710	00013.908	cell = 64 to 71
00014.106	00014.304	00014.502	00014.700	00014.898	00015.097	00015.295	00015.493	cell = 72 to 79
00015.691	00015.889	00016.087	00016.285	00016.483	00016.681	00016.879	00017.077	cell = 80 to 87
00017.275	00017.474	00017.672	00017.871	00018.069	00018.268	00018.467	00018.666	cell = 88 to 95
00018.864	00019.063	00019.262	00019.461	00019.660	00019.859	00020.058	00020.257	cell = 96 to 103
00020.455	00020.654	00020.853	00021.051	00021.249	00021.447	00021.645	00021.843	cell = 104 to 111
00022.042	00022.240	00022.438	00022.636	00022.834	00023.033	00023.231	00023.429	cell = 112 to 119
00023.627	00023.825	00024.024	00024.222	00024.420	00024.619	00024.817	00025.016	cell = 120 to 127
00025.214	00025.413	00025.612	00025.810	00026.009	00026.208	00026.407	00026.606	cell = 128 to 135
00026.805	00027.004	00027.203	00027.403	00027.602	00027.801	00028.000	00028.199	cell = 136 to 143
00028.398	00028.597	00028.797	00028.996	00029.196	00029.395	00029.595	00029.794	cell = 144 to 151
00029.994	00030.194	00030.393	00030.593	00030.793	00030.993	00031.193	00031.392	cell = 152 to 159
00031.592	00031.792	00031.992	00032.192	00032.391	00032.591	00032.790	00032.990	cell = 160 to 167
00033.189	00033.388	00033.587	00033.786	00033.985	00034.184	00034.383	00034.582	cell = 168 to 175
00034.781	00034.979	00035.178	00035.376	00035.575	00035.774	00035.972	00036.171	cell = 176 to 183
00036.370	00036.569	00036.768	00036.967	00037.166	00037.365	00037.564	00037.764	cell = 184 to 191
00037.963	00038.162	00038.361	00038.560	00038.760	00038.959	00039.159	00039.358	cell = 192 to 199
00039.558	00039.758	00039.957	00040.157	00040.357	00040.557	00040.756	00040.956	cell = 200 to 207
00041.157	00041.357	00041.557	00041.757	00041.958	00042.158	00042.358	00042.559	cell = 208 to 215
00042.759	00042.960	00043.160	00043.361	00043.561	00043.762	00043.962	00044.163	cell = 216 to 223
00044.363	00044.564	00044.764	00044.964	00045.165	00045.365	00045.566	00045.767	cell = 224 to 231
00045.967	00046.168	00046.369	00046.569	00046.770	00046.971	00047.172	00047.373	cell = 232 to 239
00047.574	00047.775	00047.977	00048.178	00048.379	00048.580	00048.781	00048.982	cell = 240 to 247
00049.183	00049.384	00049.585	00049.786	00049.987	00050.188	00050.389	00050.590	cell = 248 to 255
00050.791	00050.992	00051.193	00051.393	00051.594	00051.795	00051.996	00052.196	cell = 256 to 263
00052.397	00052.598	00052.800	00053.001	00053.202	00053.403	00053.605	00053.806	cell = 264 to 271
00054.007	00054.209	00054.410	00054.612	00054.813	00055.015	00055.217	00055.419	cell = 272 to 279
00055.621	00055.823	00056.025	00056.228	00056.430	00056.632	00056.835	00057.037	cell = 280 to 287
00057.240	00057.442	00057.645	00057.848	00058.051	00058.254	00058.458	00058.661	cell = 288 to 295
00058.864	00059.068	00059.271	00059.475	00059.679	00059.882	00060.086	00060.290	cell = 296 to 303
00060.494	00060.699	00060.903	00061.107	00061.311	00061.515	00061.719	00061.923	cell = 304 to 311
00062.127	00062.331	00062.535	00062.739	00062.943	00063.147	00063.351	00063.555	cell = 312 to 319
00063.760	00063.964	00064.168	00064.373	00064.577	00064.782	00064.986	00065.190	cell = 320 to 327
00065.394	00065.598	00065.803	00066.007	00066.211	00066.415	00066.618	00066.822	cell = 328 to 335
00067.026	00067.229	00067.433	00067.636	00067.840	00068.044	00068.247	00068.451	cell = 336 to 343
00068.655	00068.859	00069.062	00069.266	00069.470	00069.674	00069.878	00070.082	cell = 344 to 351
00070.286	00070.491	00070.695	00070.899	00071.103	00071.307	00071.512	00071.717	cell = 352 to 359
00071.921	00072.126	00072.330	00072.535	00072.739	00072.943	00073.148	00073.352	cell = 360 to 367
00073.557	00073.761	00073.965	00074.169	00074.374	00074.578	00074.782	00074.986	cell = 368 to 375
00075.190	00075.394	00075.597	00075.801	00076.004	00076.207	00076.410	00076.613	cell = 376 to 383
00076.817	00077.020	00077.222	00077.425	00077.628	00077.830	00078.032	00078.234	cell = 384 to 391
00078.436	00078.639	00078.841	00079.044	00079.246	00079.448	00079.651	00079.854	cell = 392 to 399
00080.056	00080.259	00080.462	00080.665	00080.868	00081.071	00081.275	00081.478	cell = 400 to 407
00081.681	00081.885	00082.088	00082.292	00082.495	00082.698	00082.902	00083.105	cell = 408 to 415
00083.309	00083.512	00083.715	00083.917	00084.120	00084.322	00084.525	00084.727	cell = 416 to 423
00084.930	00085.133	00085.335	00085.538	00085.740	00085.943	00086.145	00086.348	cell = 424 to 431
00086.551	00086.753	00086.956	00087.159	00087.362	00087.565	00087.767	00087.970	cell = 432 to 439
00088.173	00088.376	00088.578	00088.781	00088.984	00089.187	00089.389	00089.592	cell = 440 to 447
00089.795	00089.997	00090.200	00090.402	00090.605	00090.808	00091.011	00091.213	cell = 448 to 455
00091.416	00091.619	00091.822	00092.025	00092.228	00092.431	00092.634	00092.837	cell = 456 to 463
00093.041	00093.244	00093.447	00093.650	00093.854	00094.058	00094.262	00094.465	cell = 464 to 471
00094.669	00094.873	00095.078	00095.282	00095.486	00095.691	00095.896	00096.100	cell = 472 to 479
00096.305	00096.510	00096.715	00096.920	00097.125	00097.330	00097.535	00097.741	cell = 480 to 487
00097.946	00098.152	00098.357	00098.562	00098.767	00098.972	00099.177	00099.381	cell = 488 to 495
00099.585	00099.789	00099.993	00100.197	00100.399	00100.602	00100.804	00101.006	cell = 496 to 503
00101.207	00101.409	00101.610	00101.812	00102.013	00102.214	00102.416	00102.617	cell = 504 to 511
00102.818	00103.019	00103.220	00103.421	00103.623	00103.825	00104.027	00104.228	cell = 512 to 519
00104.431	00104.633	00104.835	00105.037	00105.239	00105.441	00105.644	00105.846	cell = 520 to 527
00106.049	00106.251	00106.453	00106.655	00106.858	00107.060	00107.262	00107.465	cell = 528 to 535
00107.667	00107.869	00108.071	00108.274	00108.476	00108.678	00108.881	00109.083	cell = 536 to 543
00109.285	00109.488	00109.691	00109.893	00110.096	00110.299	00110.502	00110.705	cell = 544 to 551
00110.908	00111.110	00111.313	00111.516	00111.718	00111.921	00112.123	00112.326	cell = 552 to 559
00112.529	00112.731	00112.934	00113.137	00113.340	00113.543	00113.745	00113.948	cell = 560 to 567
00114.151	00114.353	00114.555	00114.758	00114.960	00115.162	00115.365	00115.567	cell = 568 to 575
00115.769	00115.971	00116.174	00116.376	00116.578	00116.781	00116.983	00117.185	cell = 576 to 583
00117.388	00117.590	00117.792	00117.994	00118.196	00118.399	00118.601	00118.803	cell = 584 to 591
00119.005	00119.208	00119.410	00119.613	00119.816	00120.018	00120.221	00120.424	cell = 592 to 599
00120.628	00120.831	00121.035	00121.238	00121.442	00121.646	00121.849	00122.053	cell = 600 to 607
00122.257	00122.460	00122.664	00122.868	00123.072	00123.276	00123.480	00123.684	cell = 608 to 615
00123.887	00124.091	00124.295	00124.498	00124.702	00124.905	00125.108	00125.312	cell = 616 to 623
00125.516	00125.719	00125.923	00126.126	00126.330	00126.534	00126.737	00126.941	cell = 624 to 631
00127.144	00127.348	00127.552	00127.756	00127.960	00128.163	00128.367	00128.571	cell = 632 to 639
00128.775	00128.979	00129.183	00129.386	00129.589	00129.792	00129.995	00130.198	cell = 640 to 647
00130.401	00130.604	00130.807	00131.010	00131.213	00131.416	00131.619	00131.822	cell = 648 to 655
00132.025	00132.227	00132.430	00132.632	00132.834	00133.037	00133.239	00133.441	cell = 656 to 663
00133.643	00133.845	00134.047	00134.249	00134.451	00134.654	00134.856	00135.058	cell = 664 to 671
00135.260	00135.462	00135.664	00135.866	00136.068	00136.270	00136.471	00136.673	cell = 672 to 679
00136.874	00137.075	00137.277	00137.478	00137.679	00137.881	00138.082	00138.283	cell = 680 to 687
00138.484	00138.685	00138.887	00139.088	00139.289	00139.490	00139.691	00139.892	cell = 688 to 695
00140.094	00140.295	00140.496	00140.697	00140.897	00141.098	00141.299	00141.500	cell = 696 to 703
00141.701	00141.902	00142.102	00142.303	00142.504	00142.705	00142.905	00143.106	cell = 704 to 711
00143.306	00143.507	00143.707	00143.907	00144.108	00144.308	00144.508	00144.709	cell = 712 to 719
00144.909	00145.110	00145.310	00145.510	00145.711	00145.911	00146.111	00146.312	cell = 720 to 727
00146.512	00146.712	00146.913	00147.113	00147.313	00147.513	00147.712	00147.912	cell = 728 to 735
00148.112	00148.311	00148.511	00148.710	00148.909	00149.109	00149.308	00149.508	cell = 736 to 743
00149.708	00149.908	00150.108	00150.307	00150.507	00150.706	00150.905	00151.104	cell = 744 to 751
00151.304	00151.503	00151.703	00151.902	00152.102	00152.301	00152.501	00152.700	cell = 752 to 759
00152.900	00153.099	00153.299	00153.498	00153.698	00153.897	00154.096	00154.295	cell = 760 to 767
00154.493	00154.692	00154.891	00155.090	00155.288	00155.487	00155.686	00155.885	cell = 768 to 775
00156.084	00156.283	00156.482	00156.681	00156.881	00157.080	00157.279	00157.478	cell = 776 to 783
00157.677	00157.876	00158.076	00158.275	00158.474	00158.673	00158.872	00159.071	cell = 784 to 791
00159.270	00159.469	00159.668	00159.867	00160.065	00160.264	00160.463	00160.662	cell = 792 to 799
00160.861	00161.061	00161.259	00161.458	00161.657	00161.855	00162.054	00162.252	cell = 800 to 807
00162.450	00162.649	00162.847	00163.046	00163.244	00163.443	00163.641	00163.840	cell = 808 to 815
00164.038	00164.237	00164.435	00164.633	00164.831	00165.029	00165.227	00165.425	cell = 816 to 823
00165.623	00165.820	00166.018	00166.215	00166.412	00166.609	00166.806	00167.004	cell = 824 to 831
00167.201	00167.398	00167.595	00167.792	00167.990	00168.187	00168.384	00168.582	cell = 832 to 839
00168.779	00168.977	00169.174	00169.371	00169.568	00169.765	00169.962	00170.159	cell = 840 to 847
00170.357	00170.555	00170.752	00170.950	00171.148	00171.345	00171.542	00171.740	cell = 848 to 855
00171.937	00172.134	00172.331	00172.528	00172.725	00172.922	00173.119	00173.316	cell = 856 to 863
00173.513	00173.711	00173.908	00174.105	00174.303	00174.501	00174.698	00174.896	cell = 864 to 871
00175.094	00175.291	00175.489	00175.686	00175.884	00176.081	00176.279	00176.476	cell = 872 to 879
00176.674	00176.871	00177.068	00177.265	00177.462	00177.659	00177.856	00178.053	cell = 880 to 887
00178.250	00178.447	00178.643	00178.840	00179.037	00179.233	00179.430	00179.626	cell = 888 to 895
00179.823	00180.019	00180.216	00180.412	00180.608	00180.804	00181.000	00181.196	cell = 896 to 903
00181.393	00181.589	00181.786	00181.983	00182.180	00182.377	00182.574	00182.771	cell = 904 to 911
00182.968	00183.166	00183.363	00183.560	00183.757	00183.954	00184.152	00184.349	cell = 912 to 919
00184.547	00184.744	00184.941	00185.139	00185.336	00185.533	00185.730	00185.926	cell = 920 to 927
00186.123	00186.320	00186.516	00186.713	00186.910	00187.106	00187.303	00187.499	cell = 928 to 935
00187.695	00187.892	00188.088	00188.284	00188.480	00188.675	00188.871	00189.068	cell = 936 to 943
00189.264	00189.459	00189.655	00189.850	00190.045	00190.240	00190.435	00190.630	cell = 944 to 951
00190.825	00191.020	00191.215	00191.410	00191.605	00191.800	00191.995	00192.190	cell = 952 to 959
00192.385	00192.580	00192.775	00192.970	00193.165	00193.360	00193.554	00193.749	cell = 960 to 967
00193.944	00194.139	00194.333	00194.528	00194.722	00194.916	00195.111	00195.305	cell = 968 to 975
00195.499	00195.694	00195.888	00196.082	00196.276	00196.470	00196.664	00196.857	cell = 976 to 983
00197.051	00197.245	00197.439	00197.633	00197.827	00198.021	00198.215	00198.409	cell = 984 to 991
00198.603	00198.797	00198.991	00199.184	00199.379	00199.573	00199.767	00199.961	cell = 992 to 999
00200.156	00200.350	00200.545	00200.740	00200.934	00201.129	00201.323	00201.517	cell = 1000 to 1007
00201.712	00201.906	00202.100	00202.293	00202.487	00202.680	00202.873	00203.066	cell = 1008 to 1015
00203.259	00203.452	00203.645	00203.838	00204.030	00204.222	00204.415	00204.607	cell = 1016 to 1023
