Calibration values from cell 0 to 1024 for channel 0:

47	-61	-12	-15	34	16	14	-42	cell = 0 to 7
64	6	23	-7	69	-16	56	-33	cell = 8 to 15
55	-35	30	-36	65	-31	75	16	cell = 16 to 23
31	-36	35	-18	75	-15	59	-4	cell = 24 to 31
49	-6	63	-18	18	33	14	-2	cell = 32 to 39
26	-16	60	30	56	-7	45	25	cell = 40 to 47
46	26	41	1	37	-10	57	2	cell = 48 to 55
44	5	62	-15	39	-12	11	-19	cell = 56 to 63
11	-4	11	-17	74	-19	29	2	cell = 64 to 71
24	-11	71	-3	64	-42	14	5	cell = 72 to 79
49	-36	47	11	81	-16	51	17	cell = 80 to 87
78	8	25	-49	27	-52	2	-6	cell = 88 to 95
15	42	39	6	48	5	22	17	cell = 96 to 103
40	-11	52	14	29	-3	40	-11	cell = 104 to 111
31	7	34	17	44	-30	25	-35	cell = 112 to 119
36	15	21	-4	9	53	32	-10	cell = 120 to 127
49	0	77	-19	40	-22	32	-8	cell = 128 to 135
46	0	50	21	52	-18	77	11	cell = 136 to 143
37	17	34	5	13	-35	16	25	cell = 144 to 151
37	-1	53	-46	65	-16	29	-39	cell = 152 to 159
45	-19	51	-12	40	-14	48	0	cell = 160 to 167
22	14	28	17	37	19	22	25	cell = 168 to 175
52	6	25	34	17	20	53	-14	cell = 176 to 183
41	-1	24	-26	16	7	41	-57	cell = 184 to 191
64	-13	41	0	79	-10	18	14	cell = 192 to 199
44	0	52	6	21	9	-2	-2	cell = 200 to 207
44	11	19	20	64	-27	73	12	cell = 208 to 215
67	-7	36	-6	41	18	29	-11	cell = 216 to 223
68	-20	77	4	53	19	70	-3	cell = 224 to 231
66	9	-17	28	10	-30	60	-12	cell = 232 to 239
30	6	36	0	38	-23	101	3	cell = 240 to 247
66	16	55	-8	64	-9	83	18	cell = 248 to 255
39	-21	44	-5	27	-25	34	1	cell = 256 to 263
55	-10	88	4	73	7	38	-3	cell = 264 to 271
69	3	49	-6	69	-13	74	-19	cell = 272 to 279
70	18	61	6	37	-24	63	-27	cell = 280 to 287
66	4	69	-35	67	-17	53	-3	cell = 288 to 295
65	-35	44	-16	57	14	47	-67	cell = 296 to 303
54	0	28	-16	18	-41	37	-22	cell = 304 to 311
72	23	44	-18	62	-12	55	-10	cell = 312 to 319
55	-25	67	-35	59	-26	19	-44	cell = 320 to 327
47	14	10	-16	30	-13	75	-13	cell = 328 to 335
27	-33	30	-50	50	-32	47	-2	cell = 336 to 343
56	-3	52	-15	50	-9	72	-2	cell = 344 to 351
90	8	18	-30	39	-17	32	2	cell = 352 to 359
63	-2	59	15	27	5	0	4	cell = 360 to 367
27	3	70	-14	32	3	43	-33	cell = 368 to 375
24	-9	87	-9	-17	-31	36	3	cell = 376 to 383
34	16	17	-11	27	-5	29	12	cell = 384 to 391
28	29	34	-17	57	-10	27	23	cell = 392 to 399
45	-2	20	4	35	7	42	7	cell = 400 to 407
79	-27	39	-26	49	28	65	42	cell = 408 to 415
59	10	46	-11	48	37	33	-2	cell = 416 to 423
26	-13	33	1	27	37	44	26	cell = 424 to 431
45	-14	33	22	60	16	46	12	cell = 432 to 439
52	37	57	4	-19	2	47	-4	cell = 440 to 447
55	23	27	26	39	-21	30	5	cell = 448 to 455
64	-15	48	24	34	-23	27	0	cell = 456 to 463
63	12	31	-20	36	-6	19	27	cell = 464 to 471
73	-13	21	0	78	-3	8	11	cell = 472 to 479
17	18	42	0	33	-53	26	-28	cell = 480 to 487
13	-25	65	18	23	1	-11	-8	cell = 488 to 495
45	-38	-45	-80	-16	-58	-47	-79	cell = 496 to 503
62	-26	27	-9	77	-16	28	-10	cell = 504 to 511
-30	-32	-51	8	-38	-32	-10	-45	cell = 512 to 519
-28	-31	-51	-6	-54	-15	-46	20	cell = 520 to 527
-29	-36	12	-17	-13	-33	-34	-4	cell = 528 to 535
-21	4	-47	-1	-30	3	14	-12	cell = 536 to 543
-68	9	-10	5	-11	-15	-19	-26	cell = 544 to 551
5	-18	-41	27	-22	-2	-15	-14	cell = 552 to 559
-55	-50	-13	-47	-16	-20	-53	-62	cell = 560 to 567
-38	-5	-34	-45	-16	13	-37	-44	cell = 568 to 575
23	-10	-67	-19	-50	-9	-28	-20	cell = 576 to 583
-34	-22	-64	-35	-16	2	-26	-3	cell = 584 to 591
-26	-22	-62	-1	-19	-27	-17	2	cell = 592 to 599
-50	-41	-11	14	-24	7	-17	14	cell = 600 to 607
-16	-17	-4	-5	-53	-33	6	5	cell = 608 to 615
-13	7	-44	-41	-8	-33	-7	-29	cell = 616 to 623
-18	-18	-21	-9	-35	-33	-42	-11	cell = 624 to 631
-24	-15	-3	18	-52	-40	-45	36	cell = 632 to 639
-54	-39	1	-15	-17	11	-28	-1	cell = 640 to 647
-19	-25	-26	-28	-20	-23	-32	13	cell = 648 to 655
-31	-5	-14	-26	-7	9	11	-42	cell = 656 to 663
-6	-36	-17	-24	-15	4	-26	15	cell = 664 to 671
-64	-10	-46	-10	-11	5	21	-10	cell = 672 to 679
-1	-18	-13	-4	4	-11	-17	-18	cell = 680 to 687
-8	5	-8	-49	-1	-7	-13	-29	cell = 688 to 695
4	21	26	-19	-46	-28	-6	-19	cell = 696 to 703
-46	-16	-53	-31	-8	-35	-55	-31	cell = 704 to 711
3	-72	-6	-29	10	-26	-49	-48	cell = 712 to 719
-13	-36	-47	-15	-50	25	0	-72	cell = 720 to 727
-11	-54	15	-19	-38	0	9	-27	cell = 728 to 735
-21	-38	8	-37	-24	2	-7	-23	cell = 736 to 743
-38	-26	-3	-12	25	1	-4	-20	cell = 744 to 751
-4	-21	7	25	-14	-22	-35	-46	cell = 752 to 759
-15	-15	-21	1	-34	15	-20	40	cell = 760 to 767
-18	8	-30	-5	-18	-46	25	-62	cell = 768 to 775
-24	-33	-27	-28	-70	17	-12	-30	cell = 776 to 783
-19	-25	25	7	-61	-20	-81	1	cell = 784 to 791
-3	-28	-11	8	-20	-25	-8	-25	cell = 792 to 799
-33	-11	-22	-12	-8	-3	9	-12	cell = 800 to 807
-35	21	-24	-29	-6	-40	-18	6	cell = 808 to 815
8	-30	-5	-26	-23	-16	3	-5	cell = 816 to 823
-27	6	-24	-29	-12	-20	-41	16	cell = 824 to 831
-24	-25	-39	-44	12	-18	-28	-27	cell = 832 to 839
-55	7	-13	-22	0	-9	-8	-26	cell = 840 to 847
-24	-21	-5	-27	-42	-19	-27	-24	cell = 848 to 855
-33	-15	-19	-52	-35	-22	0	-26	cell = 856 to 863
-20	11	-28	-33	-27	31	3	-4	cell = 864 to 871
-60	-44	4	1	5	-13	-25	-34	cell = 872 to 879
-19	24	-29	-16	-16	7	-41	-32	cell = 880 to 887
12	-28	-22	-24	-30	-10	-23	-14	cell = 888 to 895
-46	-34	-45	-23	9	-13	-7	-66	cell = 896 to 903
-15	-13	-8	-2	-43	-7	2	-10	cell = 904 to 911
-44	0	-41	-12	14	-23	13	-13	cell = 912 to 919
-42	-25	-43	-3	-26	-10	6	23	cell = 920 to 927
-5	-23	-30	-10	-37	-51	-32	0	cell = 928 to 935
-39	-49	0	-5	-51	-4	-60	-22	cell = 936 to 943
-3	16	-10	0	8	31	-11	-20	cell = 944 to 951
-40	-7	-64	-24	-29	-16	-26	-42	cell = 952 to 959
-41	4	2	-41	-20	-17	-26	-36	cell = 960 to 967
-39	-22	-56	-7	-23	5	-30	-17	cell = 968 to 975
-13	3	-17	-27	-26	-23	0	-10	cell = 976 to 983
-53	-3	-8	-8	2	3	-3	-27	cell = 984 to 991
-44	34	-61	-54	-25	41	-11	8	cell = 992 to 999
-25	10	-8	-53	-40	-1	-24	0	cell = 1000 to 1007
3	-29	-26	-41	-22	5	8	-60	cell = 1008 to 1015
5	-5	-1	-17	-1	-8	-4	-20	cell = 1016 to 1023
Calibration values from cell 0 to 1024 for channel 1:

23	4	63	30	55	-30	69	6	cell = 0 to 7
21	-28	34	1	65	-55	75	0	cell = 8 to 15
44	-39	34	-11	47	8	-5	0	cell = 16 to 23
47	4	59	-3	39	0	24	14	cell = 24 to 31
39	-34	-21	-30	79	22	58	21	cell = 32 to 39
5	-2	57	-5	-7	34	36	-4	cell = 40 to 47
99	-31	25	-28	79	-49	14	-28	cell = 48 to 55
38	-16	43	-35	54	-17	24	0	cell = 56 to 63
27	-31	0	-37	66	-38	35	-3	cell = 64 to 71
57	-13	44	-12	48	11	52	47	cell = 72 to 79
34	10	41	-15	66	13	70	-23	cell = 80 to 87
39	25	33	-14	53	21	29	-9	cell = 88 to 95
46	32	52	-6	44	-18	62	5	cell = 96 to 103
2	-34	32	-4	61	-24	44	0	cell = 104 to 111
96	42	40	4	53	-28	14	6	cell = 112 to 119
61	17	48	-50	6	-27	24	-10	cell = 120 to 127
37	9	59	2	39	11	23	-37	cell = 128 to 135
57	-17	-4	21	36	-16	25	-10	cell = 136 to 143
61	27	65	23	26	3	1	-3	cell = 144 to 151
70	-56	61	-30	53	-37	20	-32	cell = 152 to 159
57	9	38	-6	51	4	40	-12	cell = 160 to 167
72	10	50	8	20	-10	58	1	cell = 168 to 175
47	-46	55	15	38	1	30	9	cell = 176 to 183
47	-23	61	-16	23	38	43	14	cell = 184 to 191
82	-21	17	-38	48	-15	54	-39	cell = 192 to 199
27	-28	88	-2	68	-13	10	26	cell = 200 to 207
71	14	73	6	35	2	56	-22	cell = 208 to 215
38	-10	61	-27	65	42	62	18	cell = 216 to 223
43	-16	28	10	39	2	39	-22	cell = 224 to 231
-17	-6	42	-7	23	-3	36	-17	cell = 232 to 239
61	-9	55	-47	57	6	51	-21	cell = 240 to 247
73	-1	66	12	-9	0	35	-21	cell = 248 to 255
70	33	55	16	65	33	13	-17	cell = 256 to 263
25	-14	36	46	37	8	46	-16	cell = 264 to 271
42	16	115	-3	46	-10	23	-17	cell = 272 to 279
60	-27	66	-3	55	-12	32	-26	cell = 280 to 287
44	2	52	8	50	0	31	-2	cell = 288 to 295
22	18	43	-2	73	-31	42	-19	cell = 296 to 303
32	30	19	-10	55	12	39	11	cell = 304 to 311
16	-44	60	33	40	-28	41	18	cell = 312 to 319
13	-12	44	-15	24	11	41	5	cell = 320 to 327
50	2	89	28	39	-19	15	-8	cell = 328 to 335
45	-33	52	-5	72	-31	64	-19	cell = 336 to 343
39	-12	51	-7	87	-16	54	2	cell = 344 to 351
24	-51	88	-7	51	-43	45	14	cell = 352 to 359
57	-10	55	3	71	-21	77	14	cell = 360 to 367
28	29	7	-10	36	-5	72	-11	cell = 368 to 375
3	-51	59	4	17	-31	0	-18	cell = 376 to 383
111	-9	52	-7	46	-55	28	2	cell = 384 to 391
25	-19	66	-31	33	1	-3	-17	cell = 392 to 399
8	0	27	18	34	31	40	13	cell = 400 to 407
73	-8	38	36	55	-12	70	-28	cell = 408 to 415
20	9	37	-2	36	26	76	-22	cell = 416 to 423
33	-29	48	1	66	29	61	-14	cell = 424 to 431
40	-35	0	-12	65	9	35	-1	cell = 432 to 439
53	-22	19	14	11	-5	43	48	cell = 440 to 447
32	-17	23	-22	38	-43	52	2	cell = 448 to 455
44	-43	13	8	76	2	25	14	cell = 456 to 463
28	1	34	6	24	-1	33	3	cell = 464 to 471
44	3	60	-62	26	-8	29	-7	cell = 472 to 479
74	2	43	10	54	-44	22	-14	cell = 480 to 487
60	-7	40	-21	5	-18	61	32	cell = 488 to 495
53	20	-45	-93	-11	-64	-39	-62	cell = 496 to 503
85	-23	74	11	18	15	20	11	cell = 504 to 511
-58	2	4	-10	-60	-18	-52	-33	cell = 512 to 519
-28	-48	-40	-1	-2	-44	-25	-6	cell = 520 to 527
-22	-29	-37	-43	-22	-9	-28	5	cell = 528 to 535
-2	-3	-25	18	-22	-16	10	-8	cell = 536 to 543
-26	9	-51	-9	-15	-20	-16	-21	cell = 544 to 551
16	2	-52	-17	-13	0	-40	7	cell = 552 to 559
1	-15	-9	-42	-44	-30	12	-13	cell = 560 to 567
4	1	-10	-35	1	-17	-10	-33	cell = 568 to 575
0	2	-35	6	-18	-29	28	-73	cell = 576 to 583
-30	34	-11	-52	-17	-19	-46	-60	cell = 584 to 591
1	-13	-41	-29	-18	26	0	-13	cell = 592 to 599
-55	-35	13	-34	-16	-6	-12	-19	cell = 600 to 607
6	-43	0	-22	1	-28	-34	-9	cell = 608 to 615
-31	-13	16	-24	-46	-11	-10	-5	cell = 616 to 623
-65	-13	-4	0	-49	-11	-19	-47	cell = 624 to 631
-19	-31	15	-17	-53	-12	-37	-35	cell = 632 to 639
-27	-32	-16	-9	-7	11	1	-39	cell = 640 to 647
-38	-10	-31	-28	-28	4	-40	-16	cell = 648 to 655
-21	-12	-37	-2	24	9	-22	-7	cell = 656 to 663
-6	1	-17	-13	-25	-48	-14	-40	cell = 664 to 671
-43	-56	-34	4	-23	-14	-23	-4	cell = 672 to 679
-25	-25	11	16	-28	-16	-48	33	cell = 680 to 687
17	-35	-14	-8	-43	3	-16	-18	cell = 688 to 695
-47	9	6	12	-22	-34	-29	10	cell = 696 to 703
-23	-36	-20	-19	-25	-12	-53	-25	cell = 704 to 711
-35	-26	-12	-39	-6	-5	-6	-32	cell = 712 to 719
-39	-4	9	-51	-48	39	-21	-10	cell = 720 to 727
-19	30	-19	-22	-8	-31	-18	-27	cell = 728 to 735
-34	-27	-16	-9	-13	-19	-13	18	cell = 736 to 743
-44	-48	-22	3	0	-17	-27	-32	cell = 744 to 751
-11	-18	-53	-22	-20	18	-28	-45	cell = 752 to 759
-24	-21	7	7	0	-28	-2	-28	cell = 760 to 767
-25	-41	-8	-8	-24	-15	-29	-25	cell = 768 to 775
-7	23	-43	11	4	6	-39	-43	cell = 776 to 783
3	-20	-45	21	-5	19	27	-38	cell = 784 to 791
-26	-34	7	-3	-4	4	-7	-7	cell = 792 to 799
-29	15	-14	17	-12	-17	8	6	cell = 800 to 807
-40	-42	-40	4	-50	-47	-45	-19	cell = 808 to 815
-23	5	-4	-21	-11	-40	-5	-55	cell = 816 to 823
-24	8	-62	-35	-26	-12	-8	-2	cell = 824 to 831
-20	-63	24	0	-2	-52	-68	-67	cell = 832 to 839
-23	43	12	16	-23	-22	-41	-31	cell = 840 to 847
-28	10	10	-4	-23	-37	-22	-9	cell = 848 to 855
14	1	-12	-46	-29	12	-37	-23	cell = 856 to 863
-43	-2	-28	6	-44	-3	-2	-45	cell = 864 to 871
-31	0	-6	-64	-16	-11	-51	1	cell = 872 to 879
3	-12	7	5	-34	-33	-55	-39	cell = 880 to 887
-23	2	1	46	-16	13	9	-13	cell = 888 to 895
-48	-8	-25	-32	-52	-25	-32	-16	cell = 896 to 903
-3	-26	0	-45	-52	-23	-8	-76	cell = 904 to 911
-14	-22	40	-12	3	-13	0	-49	cell = 912 to 919
-24	3	3	23	25	-36	11	-9	cell = 920 to 927
9	-14	-24	-38	-16	-1	-11	-32	cell = 928 to 935
-34	-31	-29	-40	-31	-9	-25	-29	cell = 936 to 943
11	12	-22	-36	-26	-9	3	-59	cell = 944 to 951
-42	-48	-16	-35	-19	-14	-24	-9	cell = 952 to 959
0	-28	-13	-36	-3	-43	31	8	cell = 960 to 967
-5	-48	-12	-39	-8	-39	-15	-39	cell = 968 to 975
27	-29	-26	18	-25	-29	-10	-20	cell = 976 to 983
-23	-40	-24	-23	-57	1	-11	-18	cell = 984 to 991
4	-27	-42	-22	5	-3	-9	-25	cell = 992 to 999
-40	-29	-11	-3	-53	-22	9	-29	cell = 1000 to 1007
-24	0	-65	-68	-51	-34	-22	-67	cell = 1008 to 1015
-16	-36	-2	-37	-23	-17	-42	-41	cell = 1016 to 1023
Calibration values from cell 0 to 1024 for channel 2:

38	-12	39	-8	43	0	68	-7	cell = 0 to 7
43	-27	59	35	69	7	-11	22	cell = 8 to 15
74	-3	57	12	20	-20	63	-23	cell = 16 to 23
43	10	46	-14	21	-29	8	-46	cell = 24 to 31
44	7	26	36	44	-28	66	-24	cell = 32 to 39
9	3	44	8	21	-24	44	1	cell = 40 to 47
44	10	64	25	40	-8	50	49	cell = 48 to 55
7	-19	55	13	44	-29	29	0	cell = 56 to 63
63	-27	47	-19	40	-10	58	-9	cell = 64 to 71
22	26	59	-46	38	-2	12	24	cell = 72 to 79
53	-23	-3	-52	76	-37	31	-28	cell = 80 to 87
26	-37	14	11	63	-5	50	-57	cell = 88 to 95
64	12	74	4	82	7	50	-21	cell = 96 to 103
41	-11	53	-5	46	18	33	-10	cell = 104 to 111
15	-18	-2	9	36	-41	52	10	cell = 112 to 119
96	13	7	1	37	8	22	2	cell = 120 to 127
50	-31	-4	-10	55	-21	7	-43	cell = 128 to 135
54	0	76	28	48	-25	19	-14	cell = 136 to 143
50	-33	61	23	50	-4	73	18	cell = 144 to 151
76	-18	55	6	53	17	58	40	cell = 152 to 159
38	-11	35	-2	45	22	52	-25	cell = 160 to 167
47	-10	34	-3	35	-16	60	35	cell = 168 to 175
57	-9	44	16	35	12	38	-3	cell = 176 to 183
21	-30	54	-5	46	8	38	-37	cell = 184 to 191
35	-30	66	6	29	-30	18	24	cell = 192 to 199
62	-23	32	-9	35	-45	34	-22	cell = 200 to 207
42	25	56	16	31	-9	67	-22	cell = 208 to 215
55	6	32	-2	10	3	37	-20	cell = 216 to 223
31	-8	73	8	52	-7	56	-21	cell = 224 to 231
40	7	44	-24	52	-51	27	29	cell = 232 to 239
43	-23	70	-5	44	-8	66	-15	cell = 240 to 247
41	-44	50	-27	57	-6	27	-39	cell = 248 to 255
81	-16	72	-1	26	-46	100	-8	cell = 256 to 263
10	-10	71	18	73	1	-11	-6	cell = 264 to 271
67	2	43	-31	-27	-15	62	9	cell = 272 to 279
35	-11	32	-19	40	6	86	7	cell = 280 to 287
51	0	15	10	48	-16	43	1	cell = 288 to 295
50	17	63	17	36	46	19	-5	cell = 296 to 303
72	-23	8	28	59	-16	94	-11	cell = 304 to 311
85	0	21	33	30	-23	11	10	cell = 312 to 319
40	2	33	-10	42	25	17	-20	cell = 320 to 327
49	11	16	28	22	11	66	21	cell = 328 to 335
78	-22	37	19	61	-14	57	-37	cell = 336 to 343
47	2	-15	30	26	1	5	-4	cell = 344 to 351
36	-15	21	-22	10	-1	32	20	cell = 352 to 359
97	-29	9	-26	69	-11	69	-26	cell = 360 to 367
58	-11	75	-9	69	-14	1	-1	cell = 368 to 375
59	-32	45	31	2	26	31	-6	cell = 376 to 383
44	-19	25	-19	57	-16	57	-6	cell = 384 to 391
23	-37	41	-12	71	-31	77	-16	cell = 392 to 399
49	-4	62	-25	51	15	28	-23	cell = 400 to 407
25	-22	5	-10	50	-22	45	-11	cell = 408 to 415
10	33	7	-37	21	-16	39	-9	cell = 416 to 423
85	11	58	11	18	-4	46	27	cell = 424 to 431
72	-4	39	4	56	19	-4	-3	cell = 432 to 439
3	-15	61	6	43	-11	49	1	cell = 440 to 447
38	-17	16	-7	65	1	1	27	cell = 448 to 455
36	-6	15	18	62	1	15	-13	cell = 456 to 463
19	-13	48	-6	2	17	9	1	cell = 464 to 471
53	-6	24	8	96	-24	59	-9	cell = 472 to 479
13	11	28	2	39	-19	41	-1	cell = 480 to 487
41	-9	38	4	37	-3	27	-4	cell = 488 to 495
22	16	-48	-55	-30	-45	-18	-61	cell = 496 to 503
37	-19	65	5	65	-12	33	-31	cell = 504 to 511
4	-15	-27	-57	-11	-15	-27	-42	cell = 512 to 519
-38	-10	-9	-23	-38	-5	-21	-31	cell = 520 to 527
-10	-24	-9	4	-24	-28	-22	-32	cell = 528 to 535
-32	-2	28	-38	-53	-53	-19	-35	cell = 536 to 543
-51	-46	-21	-2	-35	14	14	-40	cell = 544 to 551
-14	4	-14	-14	-22	16	-35	-10	cell = 552 to 559
-16	-31	-6	-36	-38	-10	-24	-50	cell = 560 to 567
-18	-14	-15	-23	2	-10	0	5	cell = 568 to 575
-40	-37	-31	3	-12	3	-5	-5	cell = 576 to 583
-12	-30	0	-12	-24	-30	-48	-37	cell = 584 to 591
-28	-9	-19	-29	-11	-2	-11	-41	cell = 592 to 599
8	-23	-9	7	-40	-27	-55	-20	cell = 600 to 607
-40	-31	-33	-17	-14	7	0	-35	cell = 608 to 615
27	-38	0	-24	-34	-11	-20	8	cell = 616 to 623
-44	-16	-31	-12	-20	-30	17	10	cell = 624 to 631
-46	-18	-14	-43	13	-15	7	-44	cell = 632 to 639
-35	-23	-39	-29	-30	-8	2	-11	cell = 640 to 647
-3	-25	-28	-21	-23	2	-28	-31	cell = 648 to 655
-16	-3	-35	-25	15	6	-49	-18	cell = 656 to 663
-10	-22	-17	-48	-30	2	-37	5	cell = 664 to 671
2	-27	6	-21	11	2	-10	-25	cell = 672 to 679
13	-12	-10	14	-25	-7	-26	-37	cell = 680 to 687
-40	-5	-5	6	12	-21	-19	-24	cell = 688 to 695
16	9	-50	-31	-20	10	1	-58	cell = 696 to 703
-17	25	1	-18	-39	-25	-29	-11	cell = 704 to 711
-23	-12	34	-64	-29	1	-5	-49	cell = 712 to 719
-32	0	-7	-6	-55	-10	1	15	cell = 720 to 727
16	-40	7	-39	-36	-16	6	-43	cell = 728 to 735
-9	-50	-51	7	-63	11	17	-12	cell = 736 to 743
-42	-15	-44	-20	-37	10	-33	-32	cell = 744 to 751
-5	-21	-33	-58	-17	-38	10	-49	cell = 752 to 759
-10	1	-38	9	-9	2	-48	-42	cell = 760 to 767
4	-65	-46	-26	-20	-36	-19	-40	cell = 768 to 775
-44	-11	-51	2	-4	-29	-47	-9	cell = 776 to 783
-17	-40	-58	-16	-9	-26	-9	-10	cell = 784 to 791
6	-7	-8	-5	-24	-19	8	-32	cell = 792 to 799
-24	-59	-56	-16	-37	-12	-13	-5	cell = 800 to 807
-20	-12	3	-58	-7	-12	11	3	cell = 808 to 815
-63	22	-2	-20	-53	-29	-11	2	cell = 816 to 823
-33	8	20	-33	-36	4	19	-21	cell = 824 to 831
-45	5	-18	1	-22	-61	-20	-43	cell = 832 to 839
-67	-19	26	-19	-32	-55	-44	-23	cell = 840 to 847
6	-13	20	-14	-60	-27	-30	-24	cell = 848 to 855
-14	6	27	-4	-18	-51	-44	-4	cell = 856 to 863
-20	-13	-31	-13	-32	-6	-10	7	cell = 864 to 871
-8	-6	-39	-33	-28	-8	-35	7	cell = 872 to 879
-16	-16	-61	3	-27	2	-26	-10	cell = 880 to 887
-25	-44	-35	-14	-40	-25	20	-11	cell = 888 to 895
-25	-3	-31	-38	-9	-44	-12	1	cell = 896 to 903
16	-23	-25	-4	-12	-18	34	-9	cell = 904 to 911
-5	-47	-4	3	-31	19	-16	-3	cell = 912 to 919
-49	41	20	-7	-23	-6	-37	-24	cell = 920 to 927
12	-21	-4	-25	8	26	-19	-3	cell = 928 to 935
-21	-51	-43	-1	8	-29	-32	3	cell = 936 to 943
-15	-9	-25	-23	-22	-29	-26	-19	cell = 944 to 951
-29	-34	-38	37	-17	-14	-38	-42	cell = 952 to 959
-23	-8	-32	-18	-59	-34	-11	-17	cell = 960 to 967
-24	-25	-27	-9	-20	-38	5	-20	cell = 968 to 975
9	6	11	-24	-39	-22	22	24	cell = 976 to 983
4	-41	12	28	-34	2	-30	-34	cell = 984 to 991
-29	-16	18	25	13	-17	-13	-7	cell = 992 to 999
19	6	-28	-17	-11	5	-26	-14	cell = 1000 to 1007
-44	20	-22	-62	-25	27	-11	-36	cell = 1008 to 1015
-13	2	-18	-35	-39	-35	-30	-12	cell = 1016 to 1023
Calibration values from cell 0 to 1024 for channel 3:

2	-1	78	8	43	-27	66	-18	cell = 0 to 7
33	-1	27	-16	33	-8	26	-8	cell = 8 to 15
71	-14	20	-14	18	-15	42	-11	cell = 16 to 23
50	-19	39	-27	46	-15	30	27	cell = 24 to 31
84	-39	25	38	49	-18	45	-45	cell = 32 to 39
32	3	54	-6	41	-36	22	-8	cell = 40 to 47
37	0	39	12	69	2	26	-20	cell = 48 to 55
75	-16	29	-20	19	-35	60	-20	cell = 56 to 63
44	35	43	-14	66	-11	37	3	cell = 64 to 71
28	-65	1	-23	50	-12	32	-17	cell = 72 to 79
91	22	22	-27	13	-14	47	0	cell = 80 to 87
94	-10	15	-26	28	-21	15	-12	cell = 88 to 95
50	18	19	-49	16	36	41	-2	cell = 96 to 103
80	11	32	17	63	19	20	-7	cell = 104 to 111
29	8	57	-15	63	-22	50	-15	cell = 112 to 119
43	-6	71	14	64	-10	42	-21	cell = 120 to 127
54	21	5	-21	70	-5	60	69	cell = 128 to 135
37	-10	70	13	53	35	34	-24	cell = 136 to 143
36	32	34	-24	60	18	-5	-15	cell = 144 to 151
22	15	45	-34	16	-3	35	-5	cell = 152 to 159
25	13	20	5	33	11	57	-14	cell = 160 to 167
63	25	36	-11	43	-39	34	-47	cell = 168 to 175
55	-34	22	-22	53	-24	20	-15	cell = 176 to 183
61	-17	41	12	31	46	19	-35	cell = 184 to 191
71	-23	34	19	32	-14	42	4	cell = 192 to 199
37	-11	46	-25	20	-21	48	23	cell = 200 to 207
59	19	36	4	20	-32	39	42	cell = 208 to 215
52	-26	57	-18	70	-15	56	-14	cell = 216 to 223
58	23	15	25	62	-58	52	-13	cell = 224 to 231
67	-6	53	0	68	7	40	-7	cell = 232 to 239
66	-4	22	-51	46	-4	38	0	cell = 240 to 247
27	-44	58	-14	42	-11	66	-35	cell = 248 to 255
32	12	43	-10	65	-2	-3	-12	cell = 256 to 263
37	-27	35	18	75	7	44	2	cell = 264 to 271
18	17	8	23	56	7	57	9	cell = 272 to 279
41	27	14	-23	37	-8	36	39	cell = 280 to 287
21	-9	63	5	22	-25	52	-35	cell = 288 to 295
23	-14	41	-4	49	1	53	-26	cell = 296 to 303
28	4	23	20	61	-16	42	9	cell = 304 to 311
64	-15	45	-28	51	-4	57	-21	cell = 312 to 319
11	-9	55	5	61	-9	-13	-4	cell = 320 to 327
59	6	52	-21	75	-12	71	-37	cell = 328 to 335
32	0	39	23	-2	15	48	-16	cell = 336 to 343
86	-15	64	17	36	-10	76	-10	cell = 344 to 351
72	-17	-7	-7	45	-6	62	-15	cell = 352 to 359
52	-35	53	24	64	-16	84	16	cell = 360 to 367
66	-15	8	-39	66	-5	41	-16	cell = 368 to 375
44	-2	44	-12	45	-25	10	-41	cell = 376 to 383
28	17	57	-11	38	53	0	29	cell = 384 to 391
17	4	38	0	63	-3	61	5	cell = 392 to 399
22	-5	58	12	32	-32	43	-7	cell = 400 to 407
78	29	55	38	53	-4	22	-32	cell = 408 to 415
29	13	67	26	29	-53	53	26	cell = 416 to 423
39	3	37	-21	62	-11	48	-20	cell = 424 to 431
40	-19	62	-11	37	-4	46	21	cell = 432 to 439
85	-37	41	16	34	-6	33	-14	cell = 440 to 447
46	-4	57	-23	42	14	1	25	cell = 448 to 455
48	-51	27	-24	73	5	29	-9	cell = 456 to 463
65	-40	30	-6	62	4	61	-31	cell = 464 to 471
22	0	69	1	49	-22	37	-37	cell = 472 to 479
9	1	39	6	65	-29	73	5	cell = 480 to 487
10	-27	27	-1	56	-13	26	-12	cell = 488 to 495
77	-20	-49	-100	15	-102	5	-74	cell = 496 to 503
17	-45	82	-12	30	-27	25	-13	cell = 504 to 511
-7	-2	-13	-36	-9	-4	-17	-13	cell = 512 to 519
-51	-29	-2	9	-11	-6	4	-48	cell = 520 to 527
-51	-14	1	-30	-35	-2	-21	-13	cell = 528 to 535
-52	-42	-19	7	-34	11	-25	-38	cell = 536 to 543
-17	-7	-11	-34	-12	-16	-3	-38	cell = 544 to 551
11	5	-34	-20	-15	-14	-9	-18	cell = 552 to 559
-64	-9	5	-17	6	-24	-43	-36	cell = 560 to 567
-42	3	-22	-27	-52	-24	-27	-41	cell = 568 to 575
-25	-15	-28	-20	-17	-13	-65	-25	cell = 576 to 583
-14	-11	-32	22	-16	-33	-5	-4	cell = 584 to 591
20	-58	-1	-32	-4	-19	-34	-39	cell = 592 to 599
-35	-22	5	12	-52	15	-39	-39	cell = 600 to 607
-42	-23	-30	-16	27	-21	-12	-10	cell = 608 to 615
0	-18	-4	-57	-15	-22	2	-39	cell = 616 to 623
31	-56	8	-18	-25	5	-18	3	cell = 624 to 631
-24	-8	-50	-25	-44	-30	-7	-32	cell = 632 to 639
-17	-37	-18	-24	-30	-27	7	-84	cell = 640 to 647
3	-3	-25	-29	-34	-14	-16	-2	cell = 648 to 655
-13	-14	-21	-27	-20	-27	-38	-42	cell = 656 to 663
-11	-27	-6	-29	-44	-33	-27	12	cell = 664 to 671
-27	-30	-49	-11	-44	-63	-12	-38	cell = 672 to 679
-4	-30	-61	-10	-17	-3	-31	-15	cell = 680 to 687
-29	-10	-35	-13	-6	-1	-28	-22	cell = 688 to 695
-28	-39	-33	-3	-4	-18	-13	13	cell = 696 to 703
-49	-40	-40	-23	-38	-18	-15	10	cell = 704 to 711
-14	-13	2	-13	-24	-13	22	-12	cell = 712 to 719
1	-11	-40	-46	-21	-57	-8	-21	cell = 720 to 727
-13	-22	-27	-23	-2	-10	-19	-27	cell = 728 to 735
-6	2	-18	-16	-9	12	-5	-34	cell = 736 to 743
0	-31	-15	-10	-38	0	-20	11	cell = 744 to 751
-11	-4	-6	-2	-29	-2	-30	7	cell = 752 to 759
5	-42	-27	-12	3	9	-19	-30	cell = 760 to 767
-40	-20	-20	-46	-20	-18	-43	-39	cell = 768 to 775
-36	-35	19	-22	-21	-1	16	-33	cell = 776 to 783
-30	-40	-41	8	-12	-22	-12	3	cell = 784 to 791
5	1	29	-28	2	26	-22	-7	cell = 792 to 799
-27	-44	-32	-21	10	25	-22	-3	cell = 800 to 807
-34	29	4	-37	-25	-26	-19	-15	cell = 808 to 815
-42	-17	-22	-13	-38	-24	-4	1	cell = 816 to 823
-26	-32	20	14	-18	-42	-12	24	cell = 824 to 831
0	0	9	-26	-16	-45	-19	8	cell = 832 to 839
4	-53	-57	11	-31	2	14	-29	cell = 840 to 847
9	-23	1	-8	8	-7	5	-12	cell = 848 to 855
8	-24	8	-17	-33	22	31	0	cell = 856 to 863
-14	-28	14	-19	-13	-7	-59	6	cell = 864 to 871
-15	-34	5	-22	-31	-9	-3	-41	cell = 872 to 879
13	-58	-23	-8	4	-48	-7	12	cell = 880 to 887
15	-28	-28	-23	-7	-17	0	12	cell = 888 to 895
-10	-43	1	-46	-8	-39	26	9	cell = 896 to 903
-10	-20	1	12	-44	-11	-11	-46	cell = 904 to 911
-19	2	-24	-41	-24	-36	-19	-9	cell = 912 to 919
-27	-12	16	-21	-22	-27	-18	-27	cell = 920 to 927
-10	-42	-47	-15	-10	25	-54	-11	cell = 928 to 935
-2	-3	5	-25	-19	1	10	-53	cell = 936 to 943
11	-20	-7	-32	-21	-13	-44	5	cell = 944 to 951
-38	-31	-51	-9	-9	6	-45	-5	cell = 952 to 959
-27	-37	-52	-43	-31	2	-7	15	cell = 960 to 967
-32	15	0	-51	-37	-7	-32	18	cell = 968 to 975
1	-32	-19	-30	-44	-8	-27	3	cell = 976 to 983
-8	-13	-23	29	3	-26	-31	1	cell = 984 to 991
-15	-17	-41	28	3	-42	13	-53	cell = 992 to 999
-54	-9	7	-31	-3	-50	19	-40	cell = 1000 to 1007
-8	-60	-31	-71	-58	8	-39	-15	cell = 1008 to 1015
-37	-14	-36	-63	-26	-37	-19	-23	cell = 1016 to 1023
Calibration values from cell 0 to 1024 for channel 4:

44	-60	43	-7	87	9	26	-13	cell = 0 to 7
-3	-38	44	24	64	13	52	15	cell = 8 to 15
48	0	76	-5	61	9	35	8	cell = 16 to 23
55	-11	37	-6	65	14	69	-7	cell = 24 to 31
30	-19	34	8	58	-5	16	-11	cell = 32 to 39
82	-24	40	32	48	26	41	-18	cell = 40 to 47
68	-7	55	-18	12	-18	19	-38	cell = 48 to 55
57	19	58	6	50	-32	68	2	cell = 56 to 63
53	-35	20	-6	24	-18	11	-5	cell = 64 to 71
38	-28	76	17	55	0	58	4	cell = 72 to 79
66	-35	46	-12	61	-22	61	-17	cell = 80 to 87
41	37	63	-29	1	-13	64	-2	cell = 88 to 95
55	10	36	18	72	-2	20	35	cell = 96 to 103
52	-10	75	-23	56	-10	69	-22	cell = 104 to 111
86	-15	45	-8	54	-13	35	-18	cell = 112 to 119
55	-9	70	4	40	-3	1	-4	cell = 120 to 127
102	-18	52	-6	85	16	40	14	cell = 128 to 135
36	28	47	27	40	21	-2	-11	cell = 136 to 143
99	13	9	14	89	-19	23	4	cell = 144 to 151
31	25	71	2	50	-24	72	23	cell = 152 to 159
32	22	35	3	59	-21	41	-9	cell = 160 to 167
77	-5	31	37	54	-5	74	-11	cell = 168 to 175
80	-36	79	-15	41	8	39	4	cell = 176 to 183
87	-5	54	17	39	-22	33	-11	cell = 184 to 191
62	-1	39	-32	53	-42	39	-11	cell = 192 to 199
43	12	46	-1	74	-7	56	15	cell = 200 to 207
22	-1	70	-8	44	12	17	-12	cell = 208 to 215
43	-2	5	-1	78	-15	29	31	cell = 216 to 223
44	20	46	-2	76	-36	49	18	cell = 224 to 231
34	-49	46	-29	75	-25	13	-17	cell = 232 to 239
39	2	32	24	41	29	49	-1	cell = 240 to 247
52	-4	7	-2	17	-37	32	5	cell = 248 to 255
31	10	50	-10	39	0	27	19	cell = 256 to 263
59	-21	53	-9	43	7	57	-57	cell = 264 to 271
78	-41	30	-5	26	-32	53	-62	cell = 272 to 279
50	12	51	30	53	5	63	6	cell = 280 to 287
40	-16	28	-10	44	-2	103	0	cell = 288 to 295
75	-43	13	-1	64	-51	38	-25	cell = 296 to 303
21	-25	15	7	13	9	83	12	cell = 304 to 311
41	-32	39	-8	44	30	54	-5	cell = 312 to 319
65	-3	70	-19	40	-21	64	-1	cell = 320 to 327
43	-9	34	44	51	-33	21	-33	cell = 328 to 335
64	-25	45	-19	17	-6	42	51	cell = 336 to 343
39	-38	11	0	67	9	39	-6	cell = 344 to 351
79	-47	56	13	24	-30	26	-11	cell = 352 to 359
45	-13	68	-1	55	-35	34	-21	cell = 360 to 367
85	-26	62	-33	32	-5	82	-17	cell = 368 to 375
55	5	23	30	38	-15	60	-18	cell = 376 to 383
6	-27	4	-19	38	-58	47	-4	cell = 384 to 391
7	-17	64	-13	31	13	34	-10	cell = 392 to 399
63	-3	42	11	33	50	34	12	cell = 400 to 407
33	-5	33	-17	45	-3	62	0	cell = 408 to 415
45	1	65	0	52	-10	47	-28	cell = 416 to 423
35	9	39	12	47	-25	45	5	cell = 424 to 431
37	29	82	-16	50	-18	49	-13	cell = 432 to 439
40	-41	35	9	46	-11	54	3	cell = 440 to 447
27	-35	66	-3	24	33	95	2	cell = 448 to 455
57	2	58	-11	22	-63	66	2	cell = 456 to 463
33	-3	30	-26	55	18	46	-3	cell = 464 to 471
57	-34	53	-5	18	-42	46	0	cell = 472 to 479
40	-1	78	-29	26	-23	41	-1	cell = 480 to 487
55	2	39	8	33	-9	19	-20	cell = 488 to 495
15	-13	-46	-87	-34	-82	-6	-19	cell = 496 to 503
37	-49	60	-16	17	4	34	16	cell = 504 to 511
6	-22	-69	-48	-3	-38	-20	-8	cell = 512 to 519
-33	-4	-38	-55	-58	-11	-46	-35	cell = 520 to 527
-34	-7	-21	-24	-17	-23	-61	-10	cell = 528 to 535
-34	-25	-22	-22	-31	-68	5	-13	cell = 536 to 543
-28	-38	-25	-11	-35	-15	-49	-20	cell = 544 to 551
-53	-5	8	-38	-22	4	-32	12	cell = 552 to 559
-21	-9	-17	-30	-37	-35	-11	0	cell = 560 to 567
-3	-24	-16	-8	7	-44	-34	-56	cell = 568 to 575
-31	-10	-7	-12	-40	-26	-2	-21	cell = 576 to 583
-4	-23	26	-59	-25	-41	12	-13	cell = 584 to 591
-18	-40	-4	-47	22	-29	-19	-10	cell = 592 to 599
1	-6	5	-3	0	-15	2	-14	cell = 600 to 607
-44	23	-63	-20	-26	0	-17	1	cell = 608 to 615
-15	-27	-29	-36	-36	-18	-8	-19	cell = 616 to 623
7	-30	-24	-28	-20	10	-46	-61	cell = 624 to 631
-26	-20	-21	-25	-43	-37	-7	-49	cell = 632 to 639
-16	-3	-13	-44	0	-13	0	20	cell = 640 to 647
-41	-39	-39	-23	-62	-29	-3	-10	cell = 648 to 655
6	-38	-33	21	-29	-36	-20	-29	cell = 656 to 663
-9	-43	-43	-42	-9	17	4	-28	cell = 664 to 671
-81	-34	-5	-29	-20	-26	-27	-3	cell = 672 to 679
-35	-24	-38	-47	13	-23	12	-39	cell = 680 to 687
11	-27	-7	-33	-23	-56	-21	-22	cell = 688 to 695
-14	10	15	-58	-58	-11	-18	-20	cell = 696 to 703
3	7	0	-71	-14	-29	-13	-19	cell = 704 to 711
-46	-17	-51	5	-32	-49	1	-44	cell = 712 to 719
-10	15	-20	-12	-33	-44	-34	-27	cell = 720 to 727
-31	11	12	-11	21	-18	-11	-19	cell = 728 to 735
-51	-20	10	-21	9	-36	-5	-20	cell = 736 to 743
-35	5	-5	-28	-7	-23	-58	-5	cell = 744 to 751
-11	-23	-35	-50	-16	-15	4	16	cell = 752 to 759
18	-10	6	-42	-3	-25	-24	-17	cell = 760 to 767
-63	-15	-23	-32	-33	-17	-5	-13	cell = 768 to 775
-53	-24	-19	-39	-9	-30	27	21	cell = 776 to 783
-21	6	-18	-7	14	-18	-46	-19	cell = 784 to 791
-21	-20	-25	-1	-12	-43	-5	-40	cell = 792 to 799
-24	-39	-12	-43	-31	-17	-11	0	cell = 800 to 807
-22	-14	-6	-24	-33	14	-8	37	cell = 808 to 815
-12	-13	-11	-6	-35	-31	-34	-8	cell = 816 to 823
-60	-11	-26	-28	-16	-4	-14	-30	cell = 824 to 831
-40	-32	8	-49	-38	-27	-35	-49	cell = 832 to 839
-16	-12	5	-23	-7	12	9	-72	cell = 840 to 847
8	15	27	0	1	-14	-34	-30	cell = 848 to 855
-9	-45	-10	-6	-6	-66	-46	7	cell = 856 to 863
-15	-23	-8	-16	-16	-39	23	-40	cell = 864 to 871
-20	-30	-8	-40	31	-13	-8	-52	cell = 872 to 879
-24	-60	-31	-13	-2	-41	-60	-22	cell = 880 to 887
-16	7	-5	2	-11	-40	-62	-40	cell = 888 to 895
-42	18	-37	15	-20	11	-58	-12	cell = 896 to 903
-4	-9	-35	-16	-45	-24	-16	-14	cell = 904 to 911
-30	-23	9	-38	19	-14	-30	-25	cell = 912 to 919
-19	32	-24	-5	-1	-40	-41	-20	cell = 920 to 927
-16	-37	-35	-38	-7	-23	-15	-16	cell = 928 to 935
-12	-2	-2	-10	-9	8	-13	-20	cell = 936 to 943
-29	3	-34	-20	-11	9	-38	-11	cell = 944 to 951
-6	-2	2	3	-27	-34	-23	-50	cell = 952 to 959
-22	1	-61	-27	-23	-19	-24	-31	cell = 960 to 967
-30	-28	-21	-11	0	-37	-23	-29	cell = 968 to 975
-21	4	5	5	-9	-21	24	-14	cell = 976 to 983
-2	46	0	-29	-14	-48	3	-28	cell = 984 to 991
-62	-2	-37	-9	-43	-8	-27	-40	cell = 992 to 999
-47	-21	-25	6	-42	-12	-30	0	cell = 1000 to 1007
-27	-29	8	-58	-13	-19	-7	-53	cell = 1008 to 1015
-26	10	-28	-16	-43	-16	-6	-28	cell = 1016 to 1023
Calibration values from cell 0 to 1024 for channel 5:

44	-5	37	-45	78	-26	47	-35	cell = 0 to 7
59	-20	57	-15	35	-60	42	-43	cell = 8 to 15
70	-34	34	9	49	-48	36	29	cell = 16 to 23
46	18	49	5	16	-19	53	21	cell = 24 to 31
64	-33	38	-40	24	-5	48	-21	cell = 32 to 39
45	-2	-9	-4	64	2	51	-15	cell = 40 to 47
42	5	55	9	70	-3	27	16	cell = 48 to 55
12	-35	47	-2	39	13	46	3	cell = 56 to 63
53	10	28	-3	18	27	87	15	cell = 64 to 71
36	18	39	42	50	-41	77	16	cell = 72 to 79
44	-19	33	22	69	-26	52	14	cell = 80 to 87
64	2	57	-10	7	1	43	-20	cell = 88 to 95
42	-23	15	37	57	-15	54	-45	cell = 96 to 103
42	-11	61	4	46	6	41	-53	cell = 104 to 111
19	-32	12	18	64	-32	51	-14	cell = 112 to 119
39	-24	8	-12	77	26	1	-11	cell = 120 to 127
71	-9	45	-19	10	20	72	17	cell = 128 to 135
39	-2	41	23	70	-25	31	-38	cell = 136 to 143
22	-5	54	5	73	-24	35	-10	cell = 144 to 151
53	-3	17	-19	24	7	20	5	cell = 152 to 159
48	1	24	2	38	-16	47	-33	cell = 160 to 167
59	-22	40	-7	27	-43	75	20	cell = 168 to 175
28	18	51	-8	21	-18	33	32	cell = 176 to 183
21	-15	-20	-19	43	-43	39	-27	cell = 184 to 191
46	-27	41	-25	42	-21	30	-3	cell = 192 to 199
7	-16	64	-9	17	6	30	5	cell = 200 to 207
65	-17	61	13	100	-35	90	-21	cell = 208 to 215
49	6	78	19	57	13	80	5	cell = 216 to 223
20	-35	39	-7	47	10	53	6	cell = 224 to 231
13	-42	45	-5	43	-24	32	18	cell = 232 to 239
71	-20	41	7	52	-12	40	-9	cell = 240 to 247
41	13	12	4	30	2	33	-2	cell = 248 to 255
68	-18	28	-26	64	7	18	19	cell = 256 to 263
38	-2	2	-10	51	-37	37	-12	cell = 264 to 271
69	-16	44	36	27	-12	72	14	cell = 272 to 279
45	1	77	-10	46	16	15	-14	cell = 280 to 287
53	-9	50	-30	62	0	79	-25	cell = 288 to 295
34	-16	6	7	45	-22	61	7	cell = 296 to 303
56	5	48	-4	32	-23	32	7	cell = 304 to 311
64	-10	67	-44	70	-25	99	-8	cell = 312 to 319
43	-24	32	-18	55	-32	71	-23	cell = 320 to 327
49	-22	84	9	56	1	53	-13	cell = 328 to 335
83	-39	42	3	37	18	64	8	cell = 336 to 343
46	8	47	-53	63	14	32	-30	cell = 344 to 351
74	10	39	21	31	-30	-14	-2	cell = 352 to 359
51	-17	71	17	40	-7	63	-23	cell = 360 to 367
93	-2	19	-29	44	17	33	-27	cell = 368 to 375
49	-27	14	-59	46	1	45	9	cell = 376 to 383
51	-32	21	-19	22	12	49	-10	cell = 384 to 391
49	17	25	-17	37	17	19	3	cell = 392 to 399
71	-6	70	21	70	-7	60	-7	cell = 400 to 407
91	26	37	-30	47	-64	31	-24	cell = 408 to 415
76	-33	76	1	9	-23	46	5	cell = 416 to 423
60	-29	49	-1	29	-36	46	-54	cell = 424 to 431
68	-14	30	22	31	-8	49	5	cell = 432 to 439
67	-6	11	-13	46	-23	28	-35	cell = 440 to 447
45	-22	31	-6	28	16	33	-17	cell = 448 to 455
52	8	38	8	36	-42	40	-25	cell = 456 to 463
15	11	52	-8	40	24	22	26	cell = 464 to 471
45	9	103	-14	24	0	53	-16	cell = 472 to 479
39	-10	45	-18	48	-7	29	44	cell = 480 to 487
36	-23	52	-5	44	-1	7	-16	cell = 488 to 495
15	10	-48	-92	-73	-77	-3	-102	cell = 496 to 503
34	-4	45	-16	48	-31	40	-17	cell = 504 to 511
-21	11	-15	-13	4	-20	-24	-40	cell = 512 to 519
-16	-22	-38	-27	-40	-36	-29	-17	cell = 520 to 527
24	-23	6	-19	-30	-11	21	-33	cell = 528 to 535
21	-12	-49	-33	-22	-19	-5	-19	cell = 536 to 543
3	5	2	-13	1	-39	-5	5	cell = 544 to 551
2	-47	-39	0	-18	-1	11	-29	cell = 552 to 559
-20	-15	-9	-43	-8	-42	12	-21	cell = 560 to 567
-37	-20	-19	-20	-8	-56	1	-23	cell = 568 to 575
-6	-14	-21	-31	14	-11	-22	2	cell = 576 to 583
-70	-40	-28	21	-12	-2	-3	-57	cell = 584 to 591
4	-9	-38	-15	-9	-47	29	-24	cell = 592 to 599
-53	-18	-41	-18	-10	9	22	-32	cell = 600 to 607
-11	-30	-17	-6	-24	-24	-27	-52	cell = 608 to 615
-44	1	-12	-6	-47	-16	-39	-25	cell = 616 to 623
-5	12	13	-8	-7	-11	-2	-45	cell = 624 to 631
-14	14	-4	21	-21	-45	-21	21	cell = 632 to 639
-25	-14	-53	-33	-13	5	17	11	cell = 640 to 647
0	-49	0	-16	-29	-6	-29	-34	cell = 648 to 655
-16	-42	-24	-9	-6	25	-17	-15	cell = 656 to 663
-38	-11	-19	-19	4	-15	-5	-40	cell = 664 to 671
12	14	-13	-20	-27	-42	15	-34	cell = 672 to 679
-31	-13	-46	-91	-31	-11	26	-32	cell = 680 to 687
-37	-9	18	-7	-13	-48	-7	-25	cell = 688 to 695
11	-25	-2	-64	-60	-8	-17	-9	cell = 696 to 703
-50	1	-25	-43	-40	-29	-46	-37	cell = 704 to 711
-11	-75	-30	-21	-63	-5	-15	32	cell = 712 to 719
-24	-9	22	-11	-16	-15	5	-34	cell = 720 to 727
-39	9	-32	-3	-33	-38	-19	-16	cell = 728 to 735
-30	17	8	-43	0	-15	-52	-24	cell = 736 to 743
-57	-11	18	-5	-65	-34	6	18	cell = 744 to 751
-28	-5	-49	-43	-6	-1	-15	21	cell = 752 to 759
-9	32	28	1	-26	-27	6	-34	cell = 760 to 767
3	2	-20	-36	-11	-18	13	-6	cell = 768 to 775
14	-74	-5	-26	-63	16	-11	-24	cell = 776 to 783
17	-35	-8	-30	13	-49	-36	-75	cell = 784 to 791
-44	-44	-29	10	-20	-44	-1	-15	cell = 792 to 799
-39	-11	-23	0	-43	-6	-38	22	cell = 800 to 807
-3	-26	-3	-48	-16	3	-31	8	cell = 808 to 815
-47	-7	-9	15	-10	22	-5	10	cell = 816 to 823
-17	-39	26	-30	2	-27	-22	-35	cell = 824 to 831
9	-51	-15	-34	18	-21	-35	-38	cell = 832 to 839
-47	-6	-52	-23	-42	-19	23	-49	cell = 840 to 847
-17	-23	-17	-10	-41	-19	-26	-62	cell = 848 to 855
-56	-15	3	-24	-52	-9	0	-20	cell = 856 to 863
-7	-20	6	-48	-10	9	40	-24	cell = 864 to 871
-52	-38	14	-16	-25	-40	4	-11	cell = 872 to 879
1	12	10	-9	-25	-9	27	26	cell = 880 to 887
-11	-50	-10	-33	-21	-15	-64	-3	cell = 888 to 895
-33	-32	-9	-32	-46	-3	4	-36	cell = 896 to 903
-25	-26	-5	-28	-82	2	-41	2	cell = 904 to 911
-8	3	7	-30	-26	-25	2	-31	cell = 912 to 919
-14	-1	6	-37	-28	-27	3	-25	cell = 920 to 927
-15	-13	-24	-42	-33	-22	21	-25	cell = 928 to 935
-2	-29	-40	-53	-14	-28	-17	-30	cell = 936 to 943
-6	-27	-24	5	12	-2	14	-26	cell = 944 to 951
8	-30	-13	-29	-25	-44	-9	-54	cell = 952 to 959
11	-7	1	5	-31	0	-53	-9	cell = 960 to 967
-21	-50	-27	-22	-10	-13	-43	21	cell = 968 to 975
-20	-23	-16	-28	-7	-6	-38	-44	cell = 976 to 983
-36	25	6	-38	-11	-11	2	1	cell = 984 to 991
-23	-24	-11	-7	7	-22	49	-51	cell = 992 to 999
-37	7	-26	6	-48	12	-6	-15	cell = 1000 to 1007
-15	-4	-17	-72	-39	-66	-38	-14	cell = 1008 to 1015
-21	-16	0	-66	-2	-11	-20	-45	cell = 1016 to 1023
Calibration values from cell 0 to 1024 for channel 6:

38	-21	13	-16	42	-24	39	-25	cell = 0 to 7
48	-17	34	8	32	-37	72	-16	cell = 8 to 15
68	-19	29	-21	46	-9	23	26	cell = 16 to 23
53	-8	39	-23	59	-6	41	-15	cell = 24 to 31
60	-9	38	0	49	-14	35	-22	cell = 32 to 39
39	-18	47	-8	55	-33	50	-19	cell = 40 to 47
38	-37	49	-31	35	9	38	-24	cell = 48 to 55
56	-58	62	-5	55	-4	37	-44	cell = 56 to 63
57	-23	54	0	59	-18	42	-7	cell = 64 to 71
52	-5	60	26	44	-23	6	-39	cell = 72 to 79
46	-47	53	0	45	14	84	-7	cell = 80 to 87
78	53	24	6	79	-28	-12	5	cell = 88 to 95
72	-10	17	-21	35	9	37	20	cell = 96 to 103
59	-16	53	22	75	-9	37	-4	cell = 104 to 111
34	15	74	15	68	15	51	22	cell = 112 to 119
34	-42	29	-18	45	-13	-19	-24	cell = 120 to 127
37	-3	46	8	68	-30	21	0	cell = 128 to 135
44	32	7	-16	55	-45	50	-40	cell = 136 to 143
33	29	58	-2	58	-2	51	-22	cell = 144 to 151
40	54	39	8	73	3	24	22	cell = 152 to 159
88	18	19	-48	1	-32	61	-22	cell = 160 to 167
25	-7	5	-13	9	-30	45	-9	cell = 168 to 175
6	-22	65	-27	31	-2	57	-46	cell = 176 to 183
42	-34	15	21	79	4	17	-16	cell = 184 to 191
43	-38	81	19	42	-20	49	-7	cell = 192 to 199
56	1	42	-12	53	-34	54	-22	cell = 200 to 207
50	-2	58	-11	44	17	67	9	cell = 208 to 215
71	-26	46	-31	27	-8	29	18	cell = 216 to 223
56	10	55	1	62	-35	13	-26	cell = 224 to 231
41	3	28	8	73	-12	63	39	cell = 232 to 239
46	-25	8	2	28	-14	2	-29	cell = 240 to 247
96	-15	42	-14	66	-23	54	37	cell = 248 to 255
43	-31	35	-7	54	8	69	-43	cell = 256 to 263
32	12	-7	-10	63	-23	21	16	cell = 264 to 271
41	-33	35	-27	25	-24	73	4	cell = 272 to 279
16	-19	38	-20	84	-36	43	13	cell = 280 to 287
29	1	59	-25	45	-5	35	-37	cell = 288 to 295
67	-51	34	0	69	-30	33	0	cell = 296 to 303
89	20	104	-40	49	21	11	-18	cell = 304 to 311
36	-27	16	36	43	4	67	-74	cell = 312 to 319
52	15	62	25	17	-23	55	-47	cell = 320 to 327
58	9	25	0	29	-36	46	-36	cell = 328 to 335
30	-12	31	-25	21	-27	-1	21	cell = 336 to 343
48	-12	19	21	70	8	56	11	cell = 344 to 351
41	-44	29	3	26	-4	55	-13	cell = 352 to 359
41	0	92	-16	16	-25	8	2	cell = 360 to 367
58	11	43	1	-5	-11	22	0	cell = 368 to 375
20	-32	14	0	76	0	38	-40	cell = 376 to 383
78	-32	19	-3	46	5	9	0	cell = 384 to 391
53	-12	28	-6	36	-34	16	0	cell = 392 to 399
64	-4	35	-4	30	-11	42	-78	cell = 400 to 407
42	-25	44	-9	45	-16	37	-1	cell = 408 to 415
39	-20	31	-37	42	2	20	0	cell = 416 to 423
57	17	59	-20	46	-3	29	-8	cell = 424 to 431
50	4	72	8	55	-23	22	0	cell = 432 to 439
8	14	59	12	57	-47	43	-2	cell = 440 to 447
85	17	50	-29	41	-26	36	-18	cell = 448 to 455
30	16	20	2	6	-29	50	-12	cell = 456 to 463
38	-5	51	-42	67	-8	53	19	cell = 464 to 471
40	-8	46	-11	41	-6	71	11	cell = 472 to 479
39	-18	47	-26	55	46	49	-1	cell = 480 to 487
36	-15	94	-11	60	-40	59	-26	cell = 488 to 495
56	-20	-39	-69	-39	-96	-18	-93	cell = 496 to 503
72	25	19	-29	13	-14	30	0	cell = 504 to 511
-21	-27	17	-25	-35	-22	-6	-22	cell = 512 to 519
-10	-26	-6	-5	-23	-23	-30	-80	cell = 520 to 527
1	-11	-47	-38	-34	-4	-23	-35	cell = 528 to 535
-32	-10	8	0	-19	-19	-20	-23	cell = 536 to 543
-24	-41	-17	-22	0	-15	-6	-47	cell = 544 to 551
-20	-29	5	3	-44	-21	-22	-16	cell = 552 to 559
3	-30	-9	-28	-14	-3	0	-36	cell = 560 to 567
-32	14	-19	-41	-3	2	-5	-26	cell = 568 to 575
-49	-40	4	-34	-2	-19	-2	-39	cell = 576 to 583
-53	-25	-25	-3	-31	-38	-39	0	cell = 584 to 591
-25	-14	-26	-12	0	-2	-23	-26	cell = 592 to 599
-3	2	-31	-27	-55	-25	-22	-17	cell = 600 to 607
-22	-9	0	10	-30	-18	4	-23	cell = 608 to 615
-13	12	1	-20	-26	-16	0	-5	cell = 616 to 623
-23	-6	-24	-49	-17	-12	-49	-41	cell = 624 to 631
-5	-8	-10	-27	-27	-53	-4	-39	cell = 632 to 639
-11	-2	4	-6	-10	-32	-7	-19	cell = 640 to 647
-32	-15	-25	-22	-40	5	0	-21	cell = 648 to 655
-18	-10	-16	-9	-2	12	-10	-9	cell = 656 to 663
-50	-13	-21	-5	-26	13	6	-18	cell = 664 to 671
27	-40	-18	-10	-21	-29	-10	-1	cell = 672 to 679
-24	26	-2	-31	-31	-47	-54	-51	cell = 680 to 687
12	-29	-34	-11	4	-37	31	-48	cell = 688 to 695
-4	16	-15	-38	-33	-13	-6	7	cell = 696 to 703
-6	-35	-46	-19	-37	-11	-6	14	cell = 704 to 711
-1	1	-15	9	-12	-32	-3	-10	cell = 712 to 719
-32	-36	-5	-8	6	-41	8	-14	cell = 720 to 727
11	-9	23	-19	-21	-7	10	-38	cell = 728 to 735
-58	-35	-51	-8	-12	-9	-8	5	cell = 736 to 743
-26	-7	-7	-74	28	-55	-9	-59	cell = 744 to 751
-42	17	0	-25	-44	9	-16	-19	cell = 752 to 759
-9	-23	-25	-34	-30	-23	-14	6	cell = 760 to 767
20	-33	8	7	-25	-9	-36	-22	cell = 768 to 775
-26	-15	46	-11	-23	-3	40	10	cell = 776 to 783
-13	-12	-23	-9	-10	5	33	3	cell = 784 to 791
15	3	-11	-37	-10	-3	0	-15	cell = 792 to 799
-12	0	-4	-50	-7	19	0	-17	cell = 800 to 807
-12	29	28	-18	4	-18	-44	37	cell = 808 to 815
-25	-6	-70	-63	-44	-16	0	-25	cell = 816 to 823
16	-33	13	-17	-43	-9	-5	-40	cell = 824 to 831
-24	-35	-27	-31	-17	-3	-45	35	cell = 832 to 839
-26	-25	17	-6	-19	-38	-46	-24	cell = 840 to 847
-14	-31	-11	-31	-27	-6	7	-17	cell = 848 to 855
-62	13	-18	-14	-23	-27	-41	-5	cell = 856 to 863
-3	-4	-38	-30	15	-17	14	-9	cell = 864 to 871
-6	-22	1	28	-12	-34	-14	8	cell = 872 to 879
-40	-15	-6	-4	-31	-31	6	2	cell = 880 to 887
11	-5	-23	1	-20	-24	1	-27	cell = 888 to 895
-35	5	-30	-11	-20	9	19	-15	cell = 896 to 903
-32	0	-64	-21	-13	-13	6	-65	cell = 904 to 911
8	-27	-50	-8	-22	-17	1	-51	cell = 912 to 919
-15	-37	-26	-24	-31	-29	4	3	cell = 920 to 927
-19	-26	-27	-17	-21	-25	-13	-22	cell = 928 to 935
-19	-25	30	10	-60	-42	3	-30	cell = 936 to 943
-11	18	-31	-20	33	-14	3	8	cell = 944 to 951
5	-52	-12	-57	-16	-17	22	-30	cell = 952 to 959
13	-27	1	-12	-21	-32	-9	-35	cell = 960 to 967
-8	-23	-24	-21	2	-40	-58	-40	cell = 968 to 975
-14	22	-38	-12	-15	-9	23	-54	cell = 976 to 983
-35	3	4	-31	-48	4	-13	3	cell = 984 to 991
-43	-13	-18	-38	-30	-16	4	2	cell = 992 to 999
-53	-77	12	0	0	1	26	-17	cell = 1000 to 1007
-24	-41	-42	-30	-49	-38	-34	-24	cell = 1008 to 1015
-19	-36	-24	-14	5	-26	-13	-25	cell = 1016 to 1023
Calibration values from cell 0 to 1024 for channel 7:

40	10	44	-11	28	1	44	-48	cell = 0 to 7
22	-8	27	-13	30	-18	39	6	cell = 8 to 15
-13	-3	-11	6	54	-8	27	-14	cell = 16 to 23
55	19	51	-21	45	29	32	-10	cell = 24 to 31
74	22	-6	7	58	7	64	-30	cell = 32 to 39
38	-5	88	1	76	-16	21	5	cell = 40 to 47
57	-14	26	-4	52	7	23	9	cell = 48 to 55
55	-23	39	-11	55	21	70	-29	cell = 56 to 63
87	21	33	-8	36	-30	62	24	cell = 64 to 71
37	-12	34	16	70	-9	10	-9	cell = 72 to 79
15	-20	52	-33	47	-12	25	7	cell = 80 to 87
46	32	31	11	50	-1	30	30	cell = 88 to 95
63	-7	48	21	67	-3	39	-9	cell = 96 to 103
24	22	28	10	29	45	70	-12	cell = 104 to 111
55	-37	12	-29	79	-13	34	19	cell = 112 to 119
43	-59	40	-42	49	-49	13	-13	cell = 120 to 127
10	-10	89	-61	51	-7	36	-15	cell = 128 to 135
61	-3	31	13	74	-18	22	10	cell = 136 to 143
43	-25	37	-16	46	-5	39	-14	cell = 144 to 151
9	-35	51	-48	55	-10	13	0	cell = 152 to 159
61	-12	55	-8	79	-41	30	-30	cell = 160 to 167
45	-6	17	22	25	2	36	2	cell = 168 to 175
42	23	22	8	47	-14	5	-2	cell = 176 to 183
53	-30	40	5	39	-38	28	-4	cell = 184 to 191
46	0	71	3	60	-19	52	-19	cell = 192 to 199
26	-32	67	11	64	-37	36	-25	cell = 200 to 207
35	-24	59	4	51	-30	38	24	cell = 208 to 215
55	0	44	15	42	17	23	-17	cell = 216 to 223
44	-16	70	-3	25	-9	25	-21	cell = 224 to 231
87	16	59	3	47	-23	54	25	cell = 232 to 239
84	-8	15	2	64	-33	81	17	cell = 240 to 247
12	16	65	-12	36	-12	7	-11	cell = 248 to 255
47	-4	50	-29	44	-6	62	-48	cell = 256 to 263
46	-6	39	-12	74	6	48	-11	cell = 264 to 271
29	10	11	-6	48	12	60	7	cell = 272 to 279
74	17	21	-17	46	6	42	-14	cell = 280 to 287
34	-28	34	1	60	31	70	-13	cell = 288 to 295
30	1	28	-29	25	-3	53	-19	cell = 296 to 303
27	-11	44	-4	34	-38	38	-24	cell = 304 to 311
32	50	26	-6	45	21	58	10	cell = 312 to 319
65	14	2	-2	38	20	42	-28	cell = 320 to 327
-4	-26	58	10	66	-18	54	-11	cell = 328 to 335
58	-11	51	1	50	1	33	12	cell = 336 to 343
63	-33	34	-8	71	-6	45	-13	cell = 344 to 351
56	-5	36	-7	33	-16	16	7	cell = 352 to 359
76	-25	57	-5	81	-15	35	-9	cell = 360 to 367
49	-11	24	-33	58	-15	41	-30	cell = 368 to 375
37	1	39	26	55	-12	45	-43	cell = 376 to 383
34	-42	41	-13	1	6	25	-19	cell = 384 to 391
47	-38	19	32	55	-16	5	6	cell = 392 to 399
30	10	77	-17	88	7	75	4	cell = 400 to 407
21	3	-2	-7	45	37	47	3	cell = 408 to 415
25	12	39	-42	55	-9	38	-30	cell = 416 to 423
62	22	35	-3	56	-18	24	-21	cell = 424 to 431
27	-26	51	-15	40	-32	39	-38	cell = 432 to 439
33	-7	15	23	20	5	37	-11	cell = 440 to 447
59	4	43	-10	76	-8	32	-1	cell = 448 to 455
27	-33	29	25	36	-3	66	-4	cell = 456 to 463
10	-18	27	22	52	18	47	32	cell = 464 to 471
32	-8	77	12	58	-34	65	4	cell = 472 to 479
45	-10	68	14	44	7	71	39	cell = 480 to 487
42	8	55	-41	27	-31	26	9	cell = 488 to 495
57	-24	-14	-43	-36	-48	-75	-85	cell = 496 to 503
29	-28	68	-10	65	-19	28	-5	cell = 504 to 511
-32	-21	-24	-27	-38	-29	4	-23	cell = 512 to 519
6	-42	-66	-10	-22	-73	5	-32	cell = 520 to 527
-37	-18	-45	-11	-7	22	-19	-20	cell = 528 to 535
-22	-25	19	-48	-6	-14	-16	-24	cell = 536 to 543
1	-65	-5	-46	-6	-28	-25	-2	cell = 544 to 551
-26	-14	22	-30	7	20	-36	-27	cell = 552 to 559
-49	-46	-37	-19	-23	-37	-8	-34	cell = 560 to 567
-14	9	-4	-23	-20	18	3	-20	cell = 568 to 575
-24	-25	-6	-25	-40	-20	-30	-42	cell = 576 to 583
3	-41	-18	-42	-10	-14	-27	20	cell = 584 to 591
-35	-14	-47	9	-13	-17	0	-38	cell = 592 to 599
-5	-4	-15	2	16	-7	-11	-41	cell = 600 to 607
-35	-32	0	-33	-9	-18	-8	-25	cell = 608 to 615
-52	13	-4	-27	2	-23	11	-2	cell = 616 to 623
-3	-25	-5	-3	-41	-54	-51	-35	cell = 624 to 631
-18	-49	-54	-20	-19	5	-40	4	cell = 632 to 639
-55	-12	-30	-54	6	-41	-36	-21	cell = 640 to 647
-12	-14	-55	3	-11	-3	17	-13	cell = 648 to 655
-33	3	-30	-36	4	-50	-15	-30	cell = 656 to 663
-27	-15	-17	8	-3	-37	5	-27	cell = 664 to 671
-11	-46	-8	-18	-47	-11	-12	-8	cell = 672 to 679
-12	11	-72	-41	-75	23	-42	-17	cell = 680 to 687
4	-20	-9	-33	15	-23	-42	7	cell = 688 to 695
-11	-22	26	-2	-55	9	14	-29	cell = 696 to 703
-4	-33	-17	-19	-32	-5	-16	3	cell = 704 to 711
-13	-26	-39	-23	-11	-21	9	8	cell = 712 to 719
38	-94	-28	1	-4	-46	4	2	cell = 720 to 727
17	-26	-51	-30	-28	-9	-19	-44	cell = 728 to 735
-16	-37	-21	-5	-28	-49	-18	5	cell = 736 to 743
1	-20	-45	4	2	-14	-7	-21	cell = 744 to 751
-14	17	14	-7	-36	-35	-4	-23	cell = 752 to 759
-38	-9	-28	16	-37	1	-19	-21	cell = 760 to 767
-28	-34	-40	-43	-31	-34	-35	-60	cell = 768 to 775
-3	1	9	-32	-33	-27	-25	-40	cell = 776 to 783
-9	-12	2	18	-46	5	-15	-53	cell = 784 to 791
-10	-30	-28	-18	-28	-24	-8	-53	cell = 792 to 799
-29	-48	5	0	1	-4	2	-9	cell = 800 to 807
15	8	13	-23	12	-18	-27	-37	cell = 808 to 815
-2	-38	-7	20	1	-28	29	-38	cell = 816 to 823
25	-20	-14	-5	-42	8	-24	-13	cell = 824 to 831
-17	3	-29	-55	-7	-50	-30	-68	cell = 832 to 839
-14	-1	7	-31	-54	-35	-29	-11	cell = 840 to 847
-5	7	17	-38	-17	-6	-29	-5	cell = 848 to 855
-15	-4	-31	-13	-30	-40	-13	0	cell = 856 to 863
-54	32	11	-53	25	-28	-27	-23	cell = 864 to 871
-24	-45	-12	-28	-6	9	-39	-14	cell = 872 to 879
-5	11	8	-56	-15	5	-35	-41	cell = 880 to 887
22	-13	-15	-13	-30	-2	-4	-38	cell = 888 to 895
-53	-10	-16	-41	-29	-24	-5	-30	cell = 896 to 903
-5	-21	-3	-84	-12	-16	-31	8	cell = 904 to 911
-21	17	0	-12	-52	-31	-5	21	cell = 912 to 919
-14	1	-4	-53	-31	-25	-19	36	cell = 920 to 927
2	-4	2	-20	13	-13	-30	-19	cell = 928 to 935
37	39	-9	-21	17	-37	-9	-19	cell = 936 to 943
-55	2	47	-31	7	-21	-13	-13	cell = 944 to 951
-16	-8	-40	-39	-19	-37	-31	-24	cell = 952 to 959
-14	-42	-19	-5	-12	-29	-28	-19	cell = 960 to 967
-61	-29	-47	-5	-17	2	-25	-10	cell = 968 to 975
-46	18	1	-42	-13	-54	-4	26	cell = 976 to 983
-25	-14	-14	4	-32	-22	-71	-9	cell = 984 to 991
-33	-37	-20	-13	-1	1	-16	-34	cell = 992 to 999
-23	21	-15	-32	6	-20	-10	-21	cell = 1000 to 1007
6	12	-11	-59	-29	-6	-25	-46	cell = 1008 to 1015
-41	5	18	-23	-74	3	-30	-54	cell = 1016 to 1023
Calibration values from cell 0 to 1024 for channel 8:

82	14	0	-12	81	18	40	23	cell = 0 to 7
34	-13	9	-19	29	-23	41	-35	cell = 8 to 15
52	-9	50	31	25	5	53	-2	cell = 16 to 23
16	22	49	10	59	-21	28	8	cell = 24 to 31
24	5	4	-7	12	-1	31	20	cell = 32 to 39
50	3	60	-5	88	-17	34	-5	cell = 40 to 47
73	-10	29	0	42	-33	68	26	cell = 48 to 55
51	8	44	-4	50	-16	40	-23	cell = 56 to 63
75	11	48	2	32	-4	48	-29	cell = 64 to 71
5	-4	33	1	46	-12	23	-17	cell = 72 to 79
53	-2	39	0	62	20	33	-24	cell = 80 to 87
30	25	71	1	49	-16	49	27	cell = 88 to 95
32	19	40	-17	41	27	35	-16	cell = 96 to 103
63	22	34	-7	30	-3	40	0	cell = 104 to 111
33	1	30	15	44	0	36	-18	cell = 112 to 119
46	4	52	-6	61	-30	45	6	cell = 120 to 127
60	-18	33	2	15	-31	7	-49	cell = 128 to 135
44	3	36	4	34	27	49	-13	cell = 136 to 143
56	18	26	26	14	-10	61	7	cell = 144 to 151
66	5	-11	-13	57	12	57	3	cell = 152 to 159
45	1	68	-39	42	17	15	17	cell = 160 to 167
28	-4	36	-36	61	23	63	-27	cell = 168 to 175
23	8	35	15	17	24	30	-13	cell = 176 to 183
78	-1	42	27	5	-28	64	27	cell = 184 to 191
57	5	10	-3	29	-10	45	0	cell = 192 to 199
17	3	39	-28	40	-32	47	-5	cell = 200 to 207
40	-28	66	15	38	29	51	-17	cell = 208 to 215
55	33	48	17	37	-2	25	19	cell = 216 to 223
28	-10	54	-11	20	12	48	50	cell = 224 to 231
48	-16	59	-32	42	-16	67	-14	cell = 232 to 239
60	-43	0	-29	71	-23	35	-42	cell = 240 to 247
90	-9	20	6	44	-22	12	-1	cell = 248 to 255
25	-24	48	-17	37	-6	37	-18	cell = 256 to 263
29	5	34	-42	46	1	51	-3	cell = 264 to 271
53	-40	51	9	28	-3	38	29	cell = 272 to 279
16	-37	49	18	53	15	21	-23	cell = 280 to 287
51	31	59	-7	80	0	57	-2	cell = 288 to 295
47	2	49	-27	74	1	29	-23	cell = 296 to 303
42	-18	43	-9	62	5	33	40	cell = 304 to 311
13	-6	66	-10	76	41	7	1	cell = 312 to 319
48	15	45	-7	5	-4	52	-11	cell = 320 to 327
52	-21	27	4	6	-34	44	12	cell = 328 to 335
84	-50	53	18	49	8	37	22	cell = 336 to 343
65	13	6	46	40	4	54	45	cell = 344 to 351
26	11	80	44	63	-30	47	-14	cell = 352 to 359
38	-20	29	26	36	-43	57	38	cell = 360 to 367
42	0	45	12	40	23	48	44	cell = 368 to 375
37	-22	21	27	63	34	29	19	cell = 376 to 383
17	37	22	19	26	-31	15	-1	cell = 384 to 391
50	-41	23	-11	15	-15	17	1	cell = 392 to 399
40	4	4	21	43	-18	52	-39	cell = 400 to 407
53	-6	31	-7	47	-4	36	-47	cell = 408 to 415
57	-48	16	-1	78	-18	22	-23	cell = 416 to 423
31	21	15	-11	52	-23	30	16	cell = 424 to 431
44	14	55	0	40	4	69	9	cell = 432 to 439
6	-25	2	24	91	-12	49	22	cell = 440 to 447
-3	15	56	-27	32	-9	40	-45	cell = 448 to 455
55	-4	55	2	16	-23	51	-16	cell = 456 to 463
44	-8	27	30	49	2	63	-12	cell = 464 to 471
29	11	64	5	80	16	31	5	cell = 472 to 479
35	-7	38	21	33	-14	64	48	cell = 480 to 487
48	-40	45	23	66	-28	46	-21	cell = 488 to 495
56	-13	-29	-46	-61	-70	-28	-88	cell = 496 to 503
48	-4	50	1	10	-35	51	22	cell = 504 to 511
-3	-3	-57	-12	-4	-28	-23	-37	cell = 512 to 519
-32	-41	-31	-10	-16	-55	-33	-54	cell = 520 to 527
-42	-1	1	24	-6	-2	0	-31	cell = 528 to 535
0	-35	-28	-19	9	-24	-12	-4	cell = 536 to 543
-9	5	-34	4	8	-55	9	0	cell = 544 to 551
-13	-41	-7	-43	14	21	-4	-39	cell = 552 to 559
-18	0	13	-1	-11	-36	-28	13	cell = 560 to 567
-67	2	-4	-36	-54	-16	4	-12	cell = 568 to 575
28	5	-56	-33	-18	-64	-33	9	cell = 576 to 583
-57	-28	-27	-59	-14	-26	-60	-33	cell = 584 to 591
-31	-20	10	17	-33	-16	3	-31	cell = 592 to 599
-23	24	6	-3	-1	-16	-14	-31	cell = 600 to 607
-31	-21	-48	-15	-26	-18	-3	-21	cell = 608 to 615
-45	-32	-2	4	-4	-13	-5	-17	cell = 616 to 623
-3	-17	-23	-19	-23	-13	6	-12	cell = 624 to 631
2	-34	-4	-13	-27	-33	-2	-36	cell = 632 to 639
-33	11	-16	-19	-55	-17	-21	-43	cell = 640 to 647
-25	-8	-26	-17	-9	-56	-19	-21	cell = 648 to 655
-38	-4	-8	-39	-28	-39	8	-8	cell = 656 to 663
-1	-45	-40	2	-23	-4	0	-17	cell = 664 to 671
12	-6	-17	37	-12	-26	-51	-14	cell = 672 to 679
-19	-4	13	13	-40	-46	-22	17	cell = 680 to 687
-35	-35	-24	-53	-38	12	-4	-12	cell = 688 to 695
-26	15	-35	-11	-29	-24	-37	-31	cell = 696 to 703
-33	-8	-42	-25	-10	-7	-46	-15	cell = 704 to 711
-25	-53	0	-21	2	-23	-46	-8	cell = 712 to 719
-43	12	-7	-26	-55	-10	-28	-41	cell = 720 to 727
11	-52	-64	-27	6	-31	-54	-48	cell = 728 to 735
3	-27	-19	-19	-12	2	-35	-39	cell = 736 to 743
-39	-50	-19	-31	12	-14	-55	-13	cell = 744 to 751
14	-10	-14	-9	-42	-17	-58	-25	cell = 752 to 759
-43	-28	-64	-3	-40	14	-24	-2	cell = 760 to 767
-12	-59	-31	13	21	-39	-33	-16	cell = 768 to 775
-16	4	-45	-7	-52	-37	-7	-5	cell = 776 to 783
-30	-11	-38	-20	-15	-18	-7	-34	cell = 784 to 791
-10	-30	-9	-21	-55	-11	19	-3	cell = 792 to 799
-34	0	-63	-10	2	-17	-57	-50	cell = 800 to 807
-4	8	-32	-52	-48	-30	-34	-11	cell = 808 to 815
-23	18	9	-28	-38	17	-7	-5	cell = 816 to 823
-1	-38	-38	-16	-20	-48	-49	10	cell = 824 to 831
-5	-37	-35	-32	-55	-45	-21	-44	cell = 832 to 839
-42	-37	2	2	-29	-30	-8	-47	cell = 840 to 847
-71	-28	-43	-8	-31	-61	-47	22	cell = 848 to 855
-2	-2	-10	-12	-18	-64	-33	-16	cell = 856 to 863
5	-26	-20	13	-56	0	15	2	cell = 864 to 871
-39	21	13	-26	-2	-31	-13	-14	cell = 872 to 879
-15	-14	-4	-12	-9	-35	-17	5	cell = 880 to 887
25	7	41	18	-8	-9	-11	-9	cell = 888 to 895
-28	-57	-19	-14	-18	-35	-3	-61	cell = 896 to 903
-14	23	15	-5	-28	-37	13	-31	cell = 904 to 911
-36	15	-1	24	-28	-23	-18	2	cell = 912 to 919
-9	12	-26	-27	-24	-31	-5	-4	cell = 920 to 927
0	35	-10	-49	-19	-7	-38	-46	cell = 928 to 935
4	-25	-19	-45	-47	13	24	-19	cell = 936 to 943
-17	-24	-16	-29	-7	25	20	-18	cell = 944 to 951
-29	4	-38	2	-48	-14	-8	-44	cell = 952 to 959
-26	-18	-17	-33	-28	-29	-58	-39	cell = 960 to 967
-25	-34	-33	9	-29	-10	-8	-39	cell = 968 to 975
-31	-33	-3	-14	-9	-19	28	-16	cell = 976 to 983
-60	-8	-33	-12	-27	10	-56	-37	cell = 984 to 991
-17	-13	-9	-78	1	-27	-2	20	cell = 992 to 999
-47	-34	-26	-15	-46	-9	-55	0	cell = 1000 to 1007
-34	-10	-16	-26	-14	-36	-34	11	cell = 1008 to 1015
-9	-14	-7	-6	1	-34	-40	-7	cell = 1016 to 1023
