Calibration values from cell 0 to 1024 for channel 0:

2	-8	60	-10	63	-18	30	23	cell = 0 to 7
1	0	58	-10	47	18	37	-2	cell = 8 to 15
13	-26	47	10	34	-32	26	-10	cell = 16 to 23
59	2	59	-21	46	5	64	-1	cell = 24 to 31
40	13	56	-11	50	-20	43	-9	cell = 32 to 39
55	-46	10	10	31	-7	18	-6	cell = 40 to 47
58	13	36	23	53	30	69	-14	cell = 48 to 55
-12	-6	24	-51	34	28	41	-43	cell = 56 to 63
46	-12	34	9	49	-17	30	-7	cell = 64 to 71
50	25	61	-3	41	3	37	4	cell = 72 to 79
20	25	78	3	54	-12	20	-14	cell = 80 to 87
56	11	74	-12	56	-7	45	4	cell = 88 to 95
61	-4	60	26	36	-23	40	-25	cell = 96 to 103
47	1	48	-40	52	35	20	7	cell = 104 to 111
68	32	8	20	51	22	49	14	cell = 112 to 119
94	14	16	-3	55	16	38	30	cell = 120 to 127
51	-10	26	20	21	-10	47	-11	cell = 128 to 135
21	14	-5	5	34	-8	77	21	cell = 136 to 143
30	-33	28	7	92	-21	24	-34	cell = 144 to 151
55	-15	32	0	55	-40	56	34	cell = 152 to 159
50	45	40	-16	31	16	51	3	cell = 160 to 167
19	12	52	-11	20	0	55	25	cell = 168 to 175
46	-3	76	-6	44	17	27	-24	cell = 176 to 183
15	1	52	-23	54	-7	62	-37	cell = 184 to 191
24	-34	27	-29	71	2	45	8	cell = 192 to 199
15	-2	35	-13	45	22	52	-17	cell = 200 to 207
80	8	61	10	37	-27	44	-35	cell = 208 to 215
6	-8	49	13	45	-4	32	11	cell = 216 to 223
73	-12	38	23	25	27	34	-37	cell = 224 to 231
64	-37	77	39	67	-11	68	-2	cell = 232 to 239
72	15	34	-38	56	-26	42	20	cell = 240 to 247
34	-1	47	-50	29	-42	50	-6	cell = 248 to 255
74	-28	47	-8	28	-16	37	-2	cell = 256 to 263
27	-10	84	17	19	12	24	-1	cell = 264 to 271
15	9	17	37	57	19	71	10	cell = 272 to 279
43	-13	82	-36	77	42	70	28	cell = 280 to 287
84	-36	57	25	27	0	32	-28	cell = 288 to 295
49	-10	47	-2	22	21	59	26	cell = 296 to 303
74	20	39	25	33	-23	88	-3	cell = 304 to 311
83	-21	43	19	28	6	42	22	cell = 312 to 319
77	4	18	-38	31	9	53	23	cell = 320 to 327
47	-21	38	-11	17	-6	50	-30	cell = 328 to 335
29	-8	55	-26	51	15	27	12	cell = 336 to 343
-4	0	37	-33	34	16	40	9	cell = 344 to 351
66	-26	29	16	53	26	25	5	cell = 352 to 359
44	-2	37	-39	0	39	41	0	cell = 360 to 367
18	24	18	13	17	23	34	-52	cell = 368 to 375
21	6	33	23	71	-16	51	-19	cell = 376 to 383
24	0	51	25	20	4	51	-52	cell = 384 to 391
3	-7	68	-11	17	-13	55	-4	cell = 392 to 399
62	9	38	-18	21	-3	45	-38	cell = 400 to 407
43	-2	59	-18	72	41	31	22	cell = 408 to 415
36	6	72	21	40	-5	66	35	cell = 416 to 423
16	-39	48	40	63	-17	66	-2	cell = 424 to 431
36	2	50	-14	14	46	30	1	cell = 432 to 439
66	-52	49	10	31	-24	46	-12	cell = 440 to 447
-7	-10	28	4	43	-15	52	8	cell = 448 to 455
65	10	33	12	41	-40	70	-8	cell = 456 to 463
80	-31	27	31	28	-9	57	7	cell = 464 to 471
48	-55	39	25	45	-17	77	-13	cell = 472 to 479
51	-40	53	-12	-7	-11	70	-8	cell = 480 to 487
42	17	60	19	38	-47	32	-4	cell = 488 to 495
36	31	-48	-67	-20	-89	-67	-77	cell = 496 to 503
-4	6	11	-4	49	-21	60	-65	cell = 504 to 511
3	-19	-3	2	-44	-43	-26	-31	cell = 512 to 519
-23	-27	-17	-49	-32	-28	-31	-11	cell = 520 to 527
-23	-44	-54	-13	-3	14	-30	-29	cell = 528 to 535
-50	14	-24	-33	-19	-44	-21	-55	cell = 536 to 543
-46	5	-27	-49	-16	20	-14	-2	cell = 544 to 551
-12	-11	-69	-7	-2	-32	-2	-9	cell = 552 to 559
-56	-17	-65	-15	-29	18	-37	11	cell = 560 to 567
-16	-31	3	-12	-10	5	-33	25	cell = 568 to 575
-54	-45	-31	-12	-54	-8	-56	-63	cell = 576 to 583
15	-80	13	-58	-26	-35	-6	-10	cell = 584 to 591
-14	4	-25	-9	-16	4	-25	-27	cell = 592 to 599
12	-14	-52	-38	-9	-41	5	-37	cell = 600 to 607
-3	14	-23	-12	1	16	-25	-24	cell = 608 to 615
-34	-37	-38	-47	-7	-57	-36	-11	cell = 616 to 623
-39	-58	-22	-27	-22	-27	10	-25	cell = 624 to 631
-35	11	-32	-17	-15	-15	-23	-35	cell = 632 to 639
-7	-40	-16	-48	2	-6	-56	-23	cell = 640 to 647
-34	9	-27	-6	-23	-4	-42	-14	cell = 648 to 655
-38	-35	-3	-7	-46	-28	-53	-13	cell = 656 to 663
-14	0	-41	-3	-37	-34	-30	-48	cell = 664 to 671
6	15	-69	-17	-39	5	-23	8	cell = 672 to 679
-15	-28	-45	-17	-39	-2	-38	3	cell = 680 to 687
-34	-24	-54	8	-2	-37	-23	-20	cell = 688 to 695
-4	-32	-34	6	-6	-2	-38	-22	cell = 696 to 703
-25	-28	-6	-19	-38	-45	-14	-27	cell = 704 to 711
-47	-39	41	16	-28	-12	5	-10	cell = 712 to 719
2	5	-45	-41	-8	-13	-20	-25	cell = 720 to 727
-19	-24	-9	-52	-32	-43	-34	-8	cell = 728 to 735
-50	-47	7	-16	-20	-18	0	-40	cell = 736 to 743
-42	-19	-38	-17	-33	-7	-34	-50	cell = 744 to 751
-12	4	-37	3	-6	-32	9	-27	cell = 752 to 759
1	-52	-32	-45	-10	-21	-4	-27	cell = 760 to 767
-40	-14	-11	-53	-31	-30	2	-27	cell = 768 to 775
-31	-20	-45	-11	-45	-23	-6	-13	cell = 776 to 783
18	-21	-13	-24	-7	-31	-16	35	cell = 784 to 791
-54	-15	-14	-20	-7	-20	-16	-20	cell = 792 to 799
-23	2	27	-29	-42	-19	-43	-20	cell = 800 to 807
9	9	-24	-25	-38	28	-29	-15	cell = 808 to 815
6	-47	-53	-6	2	8	38	-39	cell = 816 to 823
-38	-104	-34	-29	-21	-48	-11	-9	cell = 824 to 831
-9	-39	-60	-3	-30	-37	-43	25	cell = 832 to 839
-2	-44	-25	0	0	-14	-32	-38	cell = 840 to 847
17	-5	-14	-13	3	2	-18	-4	cell = 848 to 855
-10	0	-11	-10	5	-4	-1	16	cell = 856 to 863
-39	-30	15	-30	-26	-46	20	-13	cell = 864 to 871
-17	-36	-45	18	-18	-10	-35	-17	cell = 872 to 879
34	-19	-46	-43	13	-25	-37	-8	cell = 880 to 887
-11	-17	-25	-12	-16	-27	4	-2	cell = 888 to 895
-23	-36	-33	-35	-33	-38	4	-3	cell = 896 to 903
-37	-31	-35	-21	-10	19	-11	9	cell = 904 to 911
-12	18	-36	-27	15	15	3	-29	cell = 912 to 919
-5	-28	-12	-29	-19	3	-19	-14	cell = 920 to 927
-17	23	-42	-58	-44	-12	-7	11	cell = 928 to 935
13	-11	-29	-15	-21	-25	-63	0	cell = 936 to 943
9	-39	-1	-33	15	-4	-63	-34	cell = 944 to 951
-19	26	-19	-26	-21	-19	-16	-9	cell = 952 to 959
-54	-39	4	-19	-22	-9	-63	2	cell = 960 to 967
-55	-47	-37	-21	-23	-34	17	-40	cell = 968 to 975
-17	-5	8	-29	-50	21	6	-21	cell = 976 to 983
-22	0	6	-56	-16	9	0	17	cell = 984 to 991
-3	-38	10	21	-40	17	-15	-28	cell = 992 to 999
-9	3	-2	-12	-26	10	-29	-68	cell = 1000 to 1007
-61	13	-25	-24	-61	-21	-38	-39	cell = 1008 to 1015
-7	-7	18	-13	1	0	-50	-66	cell = 1016 to 1023
Calibration values from cell 0 to 1024 for channel 1:

14	-31	50	-6	26	4	50	19	cell = 0 to 7
39	-15	46	-21	56	5	33	-8	cell = 8 to 15
23	24	73	0	33	-11	50	-5	cell = 16 to 23
68	-3	60	-33	27	0	26	17	cell = 24 to 31
0	21	58	7	28	-21	40	36	cell = 32 to 39
57	-15	71	3	44	-38	20	-8	cell = 40 to 47
60	-15	59	-2	13	46	59	-21	cell = 48 to 55
12	30	61	1	79	-5	53	-1	cell = 56 to 63
67	-21	60	8	49	8	47	7	cell = 64 to 71
58	-9	17	-6	-10	-49	42	-28	cell = 72 to 79
42	-18	61	34	49	5	48	24	cell = 80 to 87
43	-24	45	6	70	12	58	25	cell = 88 to 95
13	10	8	-5	48	-21	46	-3	cell = 96 to 103
31	-6	74	-8	41	7	50	-7	cell = 104 to 111
45	27	14	-4	63	9	40	37	cell = 112 to 119
34	34	57	-38	49	-1	50	-30	cell = 120 to 127
19	9	40	-12	45	-34	62	-42	cell = 128 to 135
24	-45	63	9	24	22	21	-6	cell = 136 to 143
60	25	50	34	104	-12	29	0	cell = 144 to 151
60	17	47	-20	51	6	58	-26	cell = 152 to 159
68	13	13	-3	79	-33	52	-12	cell = 160 to 167
45	-15	38	1	28	9	68	1	cell = 168 to 175
59	-5	6	-42	56	-26	76	-7	cell = 176 to 183
14	-9	52	-20	17	39	26	-30	cell = 184 to 191
28	-34	-3	-28	40	37	85	-6	cell = 192 to 199
39	-20	47	-16	20	-6	70	-37	cell = 200 to 207
21	-28	18	16	68	0	58	-92	cell = 208 to 215
35	-38	61	32	4	9	31	-2	cell = 216 to 223
36	-40	48	36	45	14	42	12	cell = 224 to 231
70	1	75	-38	18	-34	31	0	cell = 232 to 239
39	4	42	-22	57	-15	60	-11	cell = 240 to 247
2	-2	88	25	17	19	51	-12	cell = 248 to 255
22	13	50	-20	47	-33	30	-16	cell = 256 to 263
56	-7	80	7	33	-20	45	-28	cell = 264 to 271
46	-4	71	-9	71	-46	36	-5	cell = 272 to 279
51	15	68	-13	22	-3	14	-28	cell = 280 to 287
22	-17	56	-21	41	22	66	-23	cell = 288 to 295
40	-27	78	30	64	30	28	8	cell = 296 to 303
-11	5	27	1	32	-2	67	-13	cell = 304 to 311
66	-14	48	-32	62	6	78	-18	cell = 312 to 319
54	4	37	5	30	8	26	8	cell = 320 to 327
44	-18	52	19	73	-26	59	18	cell = 328 to 335
51	-26	27	37	39	-2	95	-14	cell = 336 to 343
45	16	40	18	49	14	61	4	cell = 344 to 351
47	42	33	13	61	-30	90	-15	cell = 352 to 359
49	5	72	10	20	-14	83	-4	cell = 360 to 367
75	14	43	8	53	18	62	-9	cell = 368 to 375
58	-25	69	-9	10	-26	68	-72	cell = 376 to 383
19	-13	2	-14	54	-41	16	-41	cell = 384 to 391
21	16	33	2	-4	-42	57	-11	cell = 392 to 399
26	14	15	23	23	20	32	31	cell = 400 to 407
60	-29	47	-23	26	-8	32	-17	cell = 408 to 415
42	-30	46	-16	7	-13	-7	-17	cell = 416 to 423
41	13	65	-13	68	14	109	-8	cell = 424 to 431
57	18	11	17	21	0	51	2	cell = 432 to 439
15	-51	46	7	14	7	38	-12	cell = 440 to 447
42	12	38	-1	39	-9	50	-1	cell = 448 to 455
68	3	0	-20	38	-27	29	-28	cell = 456 to 463
75	-28	79	-3	67	-25	11	23	cell = 464 to 471
22	1	58	-35	65	-25	55	-21	cell = 472 to 479
49	30	52	15	64	-10	76	-15	cell = 480 to 487
32	5	68	-11	40	1	30	-7	cell = 488 to 495
58	-1	-36	-93	-74	-80	-33	-81	cell = 496 to 503
30	31	15	28	59	6	21	-12	cell = 504 to 511
-44	8	-19	-36	-9	-36	-17	-7	cell = 512 to 519
-41	-19	-19	12	0	-42	-30	-9	cell = 520 to 527
-40	-56	-47	-55	-19	8	-14	-5	cell = 528 to 535
-5	-44	-9	7	6	-24	-24	-44	cell = 536 to 543
-23	-9	-29	-49	-56	-43	-18	-8	cell = 544 to 551
-45	-9	-20	-11	-49	-36	-20	-9	cell = 552 to 559
2	-60	-23	-27	3	-36	-42	-5	cell = 560 to 567
-56	-48	-3	-15	-25	-26	-40	-5	cell = 568 to 575
-9	2	3	-4	-28	16	-16	-35	cell = 576 to 583
12	-12	-17	3	-19	30	-37	-28	cell = 584 to 591
6	0	-26	-4	-42	-52	-17	-3	cell = 592 to 599
-33	-7	1	-1	-6	-31	-25	-8	cell = 600 to 607
2	-62	-8	-18	14	-39	-22	-31	cell = 608 to 615
-6	-18	-26	-3	26	-3	-12	-26	cell = 616 to 623
-42	-17	-29	5	-16	-5	7	-34	cell = 624 to 631
-15	11	-21	-6	-19	-33	-41	-22	cell = 632 to 639
22	-17	-15	-10	-59	-41	-11	-6	cell = 640 to 647
-39	-15	-40	-72	5	-36	-24	-24	cell = 648 to 655
11	-4	-7	3	23	-24	-38	-22	cell = 656 to 663
-11	-28	9	-21	-24	-13	33	-47	cell = 664 to 671
-13	0	-10	-35	-2	-21	-12	-13	cell = 672 to 679
16	-9	35	24	-34	-41	-9	-30	cell = 680 to 687
-19	-6	11	13	-46	-6	-8	8	cell = 688 to 695
-6	-13	-72	-7	-38	-11	-17	-26	cell = 696 to 703
-55	-20	-34	-36	3	-22	-22	-40	cell = 704 to 711
-7	-34	-61	-39	-12	-2	-42	-4	cell = 712 to 719
-13	-15	-37	-34	5	-7	-18	5	cell = 720 to 727
-40	-53	-8	-36	-8	-29	-18	-12	cell = 728 to 735
-3	-39	-22	-3	-11	-2	-43	-2	cell = 736 to 743
-41	-16	-5	-11	-29	-10	-13	-38	cell = 744 to 751
-26	-20	-27	-30	-26	30	-44	-48	cell = 752 to 759
11	-25	-13	11	-16	-63	-44	-43	cell = 760 to 767
-35	-57	-28	-29	-50	-33	-19	-41	cell = 768 to 775
-24	-10	-6	22	-39	-7	-18	-29	cell = 776 to 783
-10	-25	-43	-26	6	-33	-61	5	cell = 784 to 791
0	29	-60	-20	-19	-29	-53	-10	cell = 792 to 799
-5	-17	-36	-37	-10	-31	-54	8	cell = 800 to 807
-53	-17	-54	1	-34	-54	-20	24	cell = 808 to 815
-18	-45	-15	4	14	-3	13	-30	cell = 816 to 823
-26	-12	-41	-50	-12	-22	-14	5	cell = 824 to 831
-29	-2	-4	-22	-42	-16	-42	-35	cell = 832 to 839
-16	-3	-11	15	-32	-20	-32	-22	cell = 840 to 847
1	-1	-28	3	5	-9	-11	-13	cell = 848 to 855
-46	0	-17	-28	-17	-61	-12	-28	cell = 856 to 863
-53	-79	-54	31	-11	-24	-31	11	cell = 864 to 871
-2	-7	-9	10	13	-81	22	-1	cell = 872 to 879
-28	-35	-24	7	-24	-54	-35	-11	cell = 880 to 887
-19	22	-24	15	19	-39	-54	-35	cell = 888 to 895
4	-15	6	-36	8	-37	-36	-23	cell = 896 to 903
7	3	-11	-35	-6	-27	4	-45	cell = 904 to 911
-28	-43	-47	1	-16	7	-6	-2	cell = 912 to 919
-18	-22	-25	-17	-41	-64	-4	1	cell = 920 to 927
-46	-9	-47	-21	-48	-34	-43	-8	cell = 928 to 935
-36	-39	-40	2	-20	28	-2	9	cell = 936 to 943
-14	-19	-10	-17	-31	-5	-16	-33	cell = 944 to 951
14	-8	-55	-9	-31	-1	-16	-16	cell = 952 to 959
-11	-14	7	-15	21	-53	-27	14	cell = 960 to 967
-10	-34	-31	-34	-56	-13	-24	-13	cell = 968 to 975
8	-25	-38	9	-7	6	0	-8	cell = 976 to 983
-1	-3	-40	-14	22	-7	15	-50	cell = 984 to 991
-31	-6	-36	-19	-4	-2	-3	-19	cell = 992 to 999
17	-21	-21	-2	-45	-3	-41	23	cell = 1000 to 1007
-4	-9	-2	-38	-89	-16	5	-34	cell = 1008 to 1015
-19	-26	-71	-16	-20	-55	-15	8	cell = 1016 to 1023
Calibration values from cell 0 to 1024 for channel 2:

68	-2	25	-29	8	1	34	-8	cell = 0 to 7
29	-25	18	-17	15	-4	13	-5	cell = 8 to 15
34	-17	76	-4	52	-15	47	-14	cell = 16 to 23
59	6	63	-40	61	-2	58	5	cell = 24 to 31
49	-27	19	-9	26	8	65	2	cell = 32 to 39
42	-8	36	0	33	-30	47	-31	cell = 40 to 47
9	-1	46	-50	79	-4	29	19	cell = 48 to 55
41	47	32	28	41	-7	2	-42	cell = 56 to 63
45	-5	75	18	76	-8	41	1	cell = 64 to 71
121	4	48	-25	76	17	47	-44	cell = 72 to 79
18	-15	33	-16	44	3	65	6	cell = 80 to 87
32	-26	32	-30	43	-75	50	-18	cell = 88 to 95
53	-7	23	-62	64	-10	65	-3	cell = 96 to 103
38	-4	55	11	90	-13	52	-20	cell = 104 to 111
56	-10	27	5	45	10	25	-3	cell = 112 to 119
47	0	51	10	38	-21	66	8	cell = 120 to 127
38	-13	31	-11	17	5	46	22	cell = 128 to 135
54	24	40	10	33	6	45	-8	cell = 136 to 143
46	-2	32	4	43	-15	58	-16	cell = 144 to 151
52	8	63	28	53	14	44	5	cell = 152 to 159
75	2	38	-15	46	-13	71	-54	cell = 160 to 167
51	-8	15	-8	15	17	38	-5	cell = 168 to 175
36	-6	57	-36	87	-67	86	-18	cell = 176 to 183
26	7	54	-10	21	11	13	-35	cell = 184 to 191
19	22	103	-14	61	-12	39	-27	cell = 192 to 199
72	-4	10	15	46	-38	16	-12	cell = 200 to 207
67	-31	62	-20	45	4	43	-19	cell = 208 to 215
38	-25	48	6	95	-14	46	-24	cell = 216 to 223
50	5	60	-13	44	19	79	25	cell = 224 to 231
65	-42	27	-32	37	-8	-9	-13	cell = 232 to 239
24	-46	44	-21	28	-16	85	36	cell = 240 to 247
55	-4	60	-53	98	-23	41	-8	cell = 248 to 255
41	-12	51	28	34	-1	20	-4	cell = 256 to 263
48	-50	55	-3	15	-5	81	7	cell = 264 to 271
43	-13	62	0	14	-8	41	-2	cell = 272 to 279
37	3	13	-24	6	32	32	-22	cell = 280 to 287
24	6	72	23	61	-13	11	10	cell = 288 to 295
52	31	37	-10	41	-2	90	-78	cell = 296 to 303
16	-15	46	-27	52	24	43	7	cell = 304 to 311
52	-30	58	0	52	10	53	-3	cell = 312 to 319
26	3	35	-25	74	-18	41	53	cell = 320 to 327
44	-5	34	23	-2	-22	52	-28	cell = 328 to 335
82	10	46	-26	63	-15	72	20	cell = 336 to 343
22	8	34	-45	22	0	91	-25	cell = 344 to 351
35	17	32	-17	7	-18	44	-19	cell = 352 to 359
68	8	54	18	25	14	26	-35	cell = 360 to 367
39	-12	37	-15	27	-23	34	-29	cell = 368 to 375
60	-3	41	4	42	-11	57	-38	cell = 376 to 383
56	-35	-4	-35	51	0	38	23	cell = 384 to 391
34	-10	63	-18	58	-6	58	-7	cell = 392 to 399
104	22	74	-24	62	-9	27	-46	cell = 400 to 407
15	4	64	17	42	-25	50	-41	cell = 408 to 415
67	-41	18	-12	34	-9	66	-11	cell = 416 to 423
61	-17	61	-5	22	-66	95	-11	cell = 424 to 431
66	-7	54	-11	-6	0	57	-15	cell = 432 to 439
62	-18	42	13	18	13	34	-69	cell = 440 to 447
51	-36	37	-24	-4	-30	52	13	cell = 448 to 455
40	-3	49	11	21	-26	58	-31	cell = 456 to 463
40	16	97	34	55	5	36	1	cell = 464 to 471
43	9	66	-34	50	7	22	10	cell = 472 to 479
25	-37	30	-12	15	-40	46	0	cell = 480 to 487
56	-28	46	-53	47	-11	43	-19	cell = 488 to 495
13	10	-28	-95	-69	-103	-25	-78	cell = 496 to 503
67	6	70	14	50	-7	60	-14	cell = 504 to 511
-38	-28	-21	-5	-41	-21	-51	-24	cell = 512 to 519
-18	3	-17	-14	-42	-26	-14	-60	cell = 520 to 527
-20	-45	-17	-50	-38	-13	3	-12	cell = 528 to 535
-30	-40	17	-51	-14	2	-43	-37	cell = 536 to 543
-50	-3	-6	-18	-23	-43	-7	14	cell = 544 to 551
-17	-46	12	4	3	-22	-16	-15	cell = 552 to 559
-20	-3	-21	-64	10	-60	-22	-30	cell = 560 to 567
-47	-3	-27	-35	-26	-32	-25	-48	cell = 568 to 575
-7	-56	-10	-1	-22	-3	-36	-34	cell = 576 to 583
-42	22	14	-20	6	-16	-56	-21	cell = 584 to 591
2	27	-24	-49	-25	2	-21	-5	cell = 592 to 599
-13	-37	8	-6	-16	-68	5	12	cell = 600 to 607
-13	-16	-33	-39	-36	-12	1	-24	cell = 608 to 615
-68	-26	11	-19	-9	-25	-14	-16	cell = 616 to 623
-9	-14	-43	-21	5	-37	-8	-22	cell = 624 to 631
-68	-31	-7	-40	15	-29	-31	24	cell = 632 to 639
-45	-13	-23	-10	2	-25	-18	-9	cell = 640 to 647
12	-34	-33	20	-34	-33	-47	19	cell = 648 to 655
-40	4	-34	18	-9	-6	-43	-10	cell = 656 to 663
9	-9	10	-3	9	2	-11	-11	cell = 664 to 671
2	-75	-41	-8	-26	-24	-17	-16	cell = 672 to 679
-31	-40	-21	5	-15	-8	4	-56	cell = 680 to 687
-20	17	-18	-51	1	-7	13	-22	cell = 688 to 695
-35	4	-4	-45	-11	-36	-43	-11	cell = 696 to 703
-29	-18	24	-46	-16	-3	-14	-50	cell = 704 to 711
-21	-25	-10	-18	-24	-33	18	13	cell = 712 to 719
-11	-12	-41	-37	-12	-45	-17	-47	cell = 720 to 727
3	-31	-8	10	-8	-12	-26	-27	cell = 728 to 735
-36	-31	-14	-3	-7	-13	-51	-21	cell = 736 to 743
-12	-29	-31	-8	6	-14	-26	-17	cell = 744 to 751
4	6	-10	-6	-38	-32	-35	23	cell = 752 to 759
-23	-36	-9	7	12	-6	-57	-6	cell = 760 to 767
-18	5	-32	-11	-31	-21	-36	-29	cell = 768 to 775
-20	-17	-8	-23	-12	-14	-26	-29	cell = 776 to 783
-10	20	17	6	0	-22	-52	-50	cell = 784 to 791
-1	-5	-7	-12	-25	-9	-28	3	cell = 792 to 799
-26	-66	-34	-26	19	-15	3	-34	cell = 800 to 807
18	15	-23	33	0	-10	-50	-22	cell = 808 to 815
0	-22	-11	-23	-13	5	-17	-48	cell = 816 to 823
-44	22	-24	4	-19	-32	-6	-26	cell = 824 to 831
19	-44	-49	-16	8	-34	-18	-2	cell = 832 to 839
-7	-52	-35	-63	24	-7	-35	-26	cell = 840 to 847
-26	5	-28	0	12	11	-31	-6	cell = 848 to 855
-3	-3	0	-2	17	39	-35	-39	cell = 856 to 863
-3	-12	-4	-39	-1	-2	-2	-13	cell = 864 to 871
4	-19	-25	-35	-45	-12	-44	-44	cell = 872 to 879
19	-19	-46	-18	-20	-24	-26	19	cell = 880 to 887
34	-27	-12	-42	-21	-47	-9	-40	cell = 888 to 895
-64	35	-33	-14	28	-20	-24	-45	cell = 896 to 903
31	-10	-58	-2	-6	-17	-31	-18	cell = 904 to 911
-37	8	-42	-11	-5	-6	12	-33	cell = 912 to 919
-27	33	-6	26	0	-2	-29	11	cell = 920 to 927
-17	-27	-26	-16	-14	19	-41	-35	cell = 928 to 935
-9	-60	-2	10	-38	-66	-21	-21	cell = 936 to 943
20	-48	-46	-25	-28	4	6	-21	cell = 944 to 951
-13	-27	7	1	-25	18	-8	-32	cell = 952 to 959
-18	-46	-35	-26	-18	-26	8	-15	cell = 960 to 967
5	-44	-33	0	-31	-3	-10	-20	cell = 968 to 975
-14	-10	-3	-41	-13	-9	-29	-13	cell = 976 to 983
-33	-25	-8	-8	-35	-31	-3	-2	cell = 984 to 991
-10	-28	12	-43	-58	-16	-12	-8	cell = 992 to 999
2	-2	-27	-24	-35	20	5	-12	cell = 1000 to 1007
-12	-4	-42	-53	-39	-38	8	-15	cell = 1008 to 1015
-15	-31	-24	-7	-7	18	-26	-19	cell = 1016 to 1023
Calibration values from cell 0 to 1024 for channel 3:

62	-31	43	3	30	-19	65	-54	cell = 0 to 7
16	-18	24	38	56	11	25	-20	cell = 8 to 15
41	-3	14	-44	53	1	21	-13	cell = 16 to 23
43	-8	31	21	-8	5	64	-40	cell = 24 to 31
50	-23	38	-34	44	1	35	5	cell = 32 to 39
45	1	31	-17	31	19	38	39	cell = 40 to 47
13	-46	12	-25	36	28	14	28	cell = 48 to 55
40	-10	35	27	39	-9	22	-1	cell = 56 to 63
59	16	16	4	14	-35	9	24	cell = 64 to 71
76	-10	42	22	43	-43	49	-1	cell = 72 to 79
27	19	18	-4	64	-26	48	12	cell = 80 to 87
48	-21	58	-16	39	-16	8	-8	cell = 88 to 95
52	-22	44	-19	34	-13	37	8	cell = 96 to 103
28	-7	39	-10	59	0	0	-22	cell = 104 to 111
87	-11	19	11	25	-18	65	27	cell = 112 to 119
51	-14	35	-8	29	-40	32	-1	cell = 120 to 127
46	-58	70	-35	107	-28	20	-8	cell = 128 to 135
14	23	71	-32	77	-24	76	-4	cell = 136 to 143
43	-25	70	-16	57	21	61	-10	cell = 144 to 151
77	-9	41	-24	23	-45	14	13	cell = 152 to 159
43	-37	60	21	17	-35	64	-26	cell = 160 to 167
39	-22	50	-1	65	-8	27	-11	cell = 168 to 175
103	-11	45	0	32	35	65	13	cell = 176 to 183
38	-3	57	-17	36	27	47	-14	cell = 184 to 191
41	-13	47	-5	41	30	47	24	cell = 192 to 199
33	2	66	9	52	-2	95	-42	cell = 200 to 207
50	-4	32	-13	94	-49	34	-14	cell = 208 to 215
34	19	16	-21	65	-20	60	-9	cell = 216 to 223
51	7	60	-67	12	1	29	-16	cell = 224 to 231
58	9	27	-22	17	-11	63	-38	cell = 232 to 239
10	-43	36	-10	67	-3	74	10	cell = 240 to 247
51	-8	12	36	59	-25	38	-5	cell = 248 to 255
28	34	37	-26	46	-26	68	15	cell = 256 to 263
29	-14	23	-20	39	3	74	42	cell = 264 to 271
44	-40	36	-35	35	21	65	-3	cell = 272 to 279
4	7	65	5	12	-9	70	6	cell = 280 to 287
36	11	33	-20	16	-23	50	5	cell = 288 to 295
40	5	56	8	40	-20	54	15	cell = 296 to 303
45	-25	34	11	30	-18	66	-31	cell = 304 to 311
74	20	33	9	10	-2	39	0	cell = 312 to 319
87	-16	29	5	50	-50	55	26	cell = 320 to 327
62	-6	71	-36	29	-2	48	-7	cell = 328 to 335
33	-18	33	-6	5	-10	48	-3	cell = 336 to 343
51	-12	62	-29	64	-39	52	-6	cell = 344 to 351
60	-29	77	-28	26	-23	13	-37	cell = 352 to 359
36	-3	49	13	64	-7	48	17	cell = 360 to 367
53	0	50	2	50	9	29	2	cell = 368 to 375
57	2	58	4	59	34	46	-60	cell = 376 to 383
73	-29	6	-62	41	-22	56	-22	cell = 384 to 391
19	0	43	-16	78	12	52	-38	cell = 392 to 399
24	-5	38	8	80	-17	60	-24	cell = 400 to 407
47	7	33	37	39	-2	27	13	cell = 408 to 415
72	-23	19	-32	34	-20	47	-45	cell = 416 to 423
-1	-25	14	31	42	36	38	-39	cell = 424 to 431
27	-7	73	-23	28	14	59	25	cell = 432 to 439
40	-21	50	-19	21	-34	14	11	cell = 440 to 447
27	31	42	29	77	-11	39	-15	cell = 448 to 455
69	-37	26	-42	37	-60	20	10	cell = 456 to 463
45	-47	-32	-5	48	36	71	12	cell = 464 to 471
32	35	69	-44	25	10	43	-29	cell = 472 to 479
54	-52	31	-55	36	4	45	-20	cell = 480 to 487
58	-17	16	-24	27	1	10	-7	cell = 488 to 495
44	-36	-28	-66	-28	-99	-18	-122	cell = 496 to 503
63	32	74	-9	47	-18	33	4	cell = 504 to 511
-16	-13	-33	-19	-25	-34	-49	0	cell = 512 to 519
-54	-13	-42	-64	-53	19	-39	-23	cell = 520 to 527
-15	-34	-14	6	-48	7	-38	-9	cell = 528 to 535
-45	-12	2	-7	-17	-32	-36	24	cell = 536 to 543
20	-25	-12	-37	-10	-18	-50	-35	cell = 544 to 551
6	-3	-14	4	-7	-13	-63	8	cell = 552 to 559
-36	-11	-67	-4	15	-23	-9	-3	cell = 560 to 567
-57	-46	0	-31	-45	-39	-13	-21	cell = 568 to 575
-12	-47	-47	-40	27	-80	-36	-22	cell = 576 to 583
-10	-4	13	-4	12	-32	-26	10	cell = 584 to 591
-27	13	-29	-1	-19	39	-30	-9	cell = 592 to 599
-30	5	-9	-4	-49	8	-26	11	cell = 600 to 607
-34	-26	-22	-59	-47	-13	-46	-25	cell = 608 to 615
-30	-11	-34	-35	-41	-7	-15	-26	cell = 616 to 623
-28	14	-9	-7	-34	-55	-26	6	cell = 624 to 631
-37	-34	-65	-26	8	-41	-7	-22	cell = 632 to 639
-3	-55	-20	-36	18	-23	-49	-47	cell = 640 to 647
-15	15	-40	-12	-6	-9	-21	-19	cell = 648 to 655
-16	-11	-29	-18	-18	-13	1	30	cell = 656 to 663
0	-26	-13	23	-37	10	-2	-9	cell = 664 to 671
-6	13	-34	0	-26	-9	-40	-54	cell = 672 to 679
-15	9	-5	7	-23	-13	-18	5	cell = 680 to 687
-28	-14	-42	5	-31	32	-27	23	cell = 688 to 695
6	-32	-3	-15	11	-39	-9	0	cell = 696 to 703
-25	11	-38	-36	-36	-6	6	-46	cell = 704 to 711
-1	-11	-42	-10	-40	-13	-18	-41	cell = 712 to 719
-32	2	-35	3	-8	0	-21	-24	cell = 720 to 727
18	-56	15	-42	-8	-30	-19	10	cell = 728 to 735
5	-31	-45	13	-13	-75	-28	-36	cell = 736 to 743
-25	5	-5	-31	-24	-44	-5	-44	cell = 744 to 751
0	-23	-48	-12	-32	-31	0	-29	cell = 752 to 759
14	-46	-45	-17	0	-9	-13	4	cell = 760 to 767
-25	4	-31	-26	-37	-8	-45	-2	cell = 768 to 775
-17	4	-51	-29	-14	-20	-3	-16	cell = 776 to 783
15	-7	-2	-7	-26	5	-20	-42	cell = 784 to 791
10	-11	-63	-35	11	-17	-13	16	cell = 792 to 799
-25	-19	-32	10	-27	-1	-28	0	cell = 800 to 807
-48	10	-58	-42	12	-5	-30	-46	cell = 808 to 815
-14	-20	38	11	-16	-18	1	-28	cell = 816 to 823
-44	-17	-36	23	-42	26	-19	-22	cell = 824 to 831
-25	-15	-31	-36	-17	-6	18	5	cell = 832 to 839
7	4	-24	25	-28	5	21	-4	cell = 840 to 847
-27	7	-45	-20	5	-33	-38	-18	cell = 848 to 855
58	-4	-8	-16	18	0	-11	0	cell = 856 to 863
-39	-32	4	-20	-35	-9	-12	-30	cell = 864 to 871
29	-9	-44	23	-15	-49	-36	-39	cell = 872 to 879
-26	-37	-76	-25	-37	-23	-38	-7	cell = 880 to 887
17	0	-11	-14	-5	-23	-7	-16	cell = 888 to 895
-24	-22	2	-20	-65	-14	-33	-4	cell = 896 to 903
-14	18	-25	9	6	-45	-2	33	cell = 904 to 911
-2	-27	6	-28	14	-36	-10	-3	cell = 912 to 919
1	11	-11	-19	38	-23	-3	-28	cell = 920 to 927
2	20	-46	-16	-19	-3	-53	-3	cell = 928 to 935
-6	-18	-16	-28	-12	7	4	8	cell = 936 to 943
-38	-33	-45	13	-9	2	-2	-2	cell = 944 to 951
-39	1	-23	8	1	-30	-50	-36	cell = 952 to 959
-5	10	7	-9	5	-15	13	-23	cell = 960 to 967
-41	-37	-18	8	-28	-16	21	-4	cell = 968 to 975
28	-1	-13	5	-14	-29	-62	-2	cell = 976 to 983
-38	24	-17	-2	-10	-2	1	-28	cell = 984 to 991
-5	-36	-26	10	2	0	11	5	cell = 992 to 999
-4	-22	-37	-44	-28	-27	-34	0	cell = 1000 to 1007
-15	-9	-4	-51	-34	-50	-28	-31	cell = 1008 to 1015
15	-35	-32	-1	-3	-54	-24	-48	cell = 1016 to 1023
Calibration values from cell 0 to 1024 for channel 4:

49	-20	21	23	31	-35	57	-27	cell = 0 to 7
51	9	51	-16	34	-40	41	-9	cell = 8 to 15
96	18	22	7	53	-19	42	-9	cell = 16 to 23
59	-25	43	10	24	10	60	-23	cell = 24 to 31
43	-24	63	-11	56	-35	49	4	cell = 32 to 39
20	8	-4	-7	43	18	20	21	cell = 40 to 47
64	-6	51	-35	44	-21	74	14	cell = 48 to 55
66	2	71	45	107	11	50	-32	cell = 56 to 63
63	23	22	-2	38	9	52	-5	cell = 64 to 71
60	-26	38	18	48	-11	84	-16	cell = 72 to 79
41	29	4	10	61	-11	49	-8	cell = 80 to 87
57	-1	26	5	58	-9	40	-12	cell = 88 to 95
51	28	48	10	34	-7	39	-17	cell = 96 to 103
65	6	40	-5	55	-20	46	-23	cell = 104 to 111
62	-12	66	7	40	-22	57	13	cell = 112 to 119
99	21	52	-12	48	17	60	11	cell = 120 to 127
69	-27	32	15	21	5	52	-23	cell = 128 to 135
47	5	25	-21	31	-14	42	-31	cell = 136 to 143
68	-29	22	-16	53	-15	42	-15	cell = 144 to 151
93	-11	15	12	62	-35	40	-47	cell = 152 to 159
44	8	40	8	51	-11	58	-8	cell = 160 to 167
65	7	34	-4	74	50	52	0	cell = 168 to 175
75	-23	45	-23	20	-21	19	4	cell = 176 to 183
35	0	9	-25	47	-25	38	-18	cell = 184 to 191
112	1	39	-11	65	-56	45	-9	cell = 192 to 199
61	8	18	11	-14	-19	43	-12	cell = 200 to 207
72	-16	64	-32	65	-12	26	6	cell = 208 to 215
52	21	51	6	96	11	30	31	cell = 216 to 223
51	14	56	-16	45	-6	4	-29	cell = 224 to 231
72	10	23	-23	9	3	68	10	cell = 232 to 239
76	-18	17	-16	19	4	28	11	cell = 240 to 247
55	-37	28	-57	75	18	34	-51	cell = 248 to 255
70	-16	66	4	17	-18	-6	-13	cell = 256 to 263
36	-17	16	-19	30	-26	45	0	cell = 264 to 271
16	-3	42	-27	21	-30	50	-22	cell = 272 to 279
41	-41	45	16	46	32	24	-6	cell = 280 to 287
24	-7	42	9	41	-4	40	32	cell = 288 to 295
50	24	57	-8	78	-24	77	-4	cell = 296 to 303
21	45	26	17	61	8	37	12	cell = 304 to 311
29	8	61	-14	38	-19	39	-9	cell = 312 to 319
57	35	57	-26	60	-31	58	-30	cell = 320 to 327
47	0	35	-9	49	7	45	-26	cell = 328 to 335
48	25	7	-25	29	-23	34	-23	cell = 336 to 343
68	-18	75	1	24	4	73	-5	cell = 344 to 351
40	10	30	-51	63	-51	29	12	cell = 352 to 359
24	36	55	17	34	-11	38	-12	cell = 360 to 367
19	-17	73	-13	50	-20	12	-9	cell = 368 to 375
44	16	42	0	66	10	49	11	cell = 376 to 383
66	10	50	-39	55	-7	8	-9	cell = 384 to 391
37	-23	27	-4	61	-8	63	0	cell = 392 to 399
22	-16	45	2	40	-32	10	8	cell = 400 to 407
56	-20	29	-14	48	12	17	17	cell = 408 to 415
25	24	77	-7	16	-7	44	10	cell = 416 to 423
92	-20	62	-6	71	-36	40	-13	cell = 424 to 431
9	-21	29	-2	71	14	8	-2	cell = 432 to 439
0	-4	39	12	46	-37	8	-5	cell = 440 to 447
-12	-6	61	-14	35	-12	30	-1	cell = 448 to 455
30	-25	38	28	88	8	42	-13	cell = 456 to 463
8	-18	17	8	16	-4	-18	-56	cell = 464 to 471
56	-31	47	-48	77	1	90	-22	cell = 472 to 479
45	-42	52	-26	59	13	59	-41	cell = 480 to 487
57	-15	5	-8	64	-2	24	7	cell = 488 to 495
81	-40	-23	-100	-4	-94	-28	-90	cell = 496 to 503
69	-17	27	23	30	-19	63	-9	cell = 504 to 511
-3	-20	-17	13	-63	10	-17	4	cell = 512 to 519
-26	-33	23	-14	-5	-12	-43	-3	cell = 520 to 527
-14	16	-52	15	24	-31	16	-27	cell = 528 to 535
-31	-9	-32	-23	-13	-15	-13	-14	cell = 536 to 543
-27	-51	-55	-26	-34	-11	-15	-36	cell = 544 to 551
10	-18	22	-25	-39	11	31	-48	cell = 552 to 559
-23	-22	-11	-26	-8	-22	-21	-28	cell = 560 to 567
-3	-9	-34	-23	-10	6	-10	-84	cell = 568 to 575
-45	-35	2	3	-6	-15	-23	-10	cell = 576 to 583
-3	-31	-23	-64	2	17	6	-12	cell = 584 to 591
-7	-26	0	-38	-49	-20	-3	-13	cell = 592 to 599
-48	1	-12	-43	-20	-36	-56	-20	cell = 600 to 607
3	-54	-62	-42	-18	-50	-22	-10	cell = 608 to 615
-17	6	-4	-52	-25	-13	-13	10	cell = 616 to 623
0	-30	-20	-100	-2	23	-21	1	cell = 624 to 631
7	11	-28	-37	-55	14	-26	-45	cell = 632 to 639
-7	-3	-7	-32	13	-18	-26	-10	cell = 640 to 647
6	13	-10	-18	-49	-17	-9	-37	cell = 648 to 655
-8	-19	22	-54	-50	-28	5	-18	cell = 656 to 663
1	-16	-11	-35	2	34	-23	-37	cell = 664 to 671
-6	-10	-5	-12	-24	-49	-5	-7	cell = 672 to 679
-30	-42	-35	5	-55	-49	-6	-51	cell = 680 to 687
-29	-14	-41	-41	-71	-21	-36	8	cell = 688 to 695
-12	-54	-21	-36	7	-7	-9	-43	cell = 696 to 703
-25	-28	-56	-4	-54	-34	-23	-9	cell = 704 to 711
-32	-22	23	-15	-31	-14	-23	-28	cell = 712 to 719
-44	10	11	-17	-41	-18	-40	4	cell = 720 to 727
-13	-12	-24	-23	-10	36	2	-12	cell = 728 to 735
-18	-9	-25	-32	33	21	-7	-73	cell = 736 to 743
4	-17	3	-47	13	-24	7	-3	cell = 744 to 751
8	-24	-16	-37	-7	16	-2	0	cell = 752 to 759
-18	-24	-34	-30	-36	-12	-4	-53	cell = 760 to 767
-30	-13	30	-29	-30	-16	-25	-20	cell = 768 to 775
-38	-37	-43	-14	-49	-48	-32	11	cell = 776 to 783
-9	-3	-20	-26	-46	-40	-21	-43	cell = 784 to 791
-19	-47	0	-18	12	-35	-35	-37	cell = 792 to 799
-17	-19	-2	-3	13	-33	-37	-23	cell = 800 to 807
27	2	-35	-29	-27	2	0	3	cell = 808 to 815
-62	15	-8	-35	-19	-28	-11	-6	cell = 816 to 823
-13	-15	-45	-49	-17	-24	-21	-26	cell = 824 to 831
-76	-30	-6	-26	11	-18	-16	13	cell = 832 to 839
3	-44	-42	23	-18	-31	-6	1	cell = 840 to 847
-13	-8	-26	11	-7	-71	21	-8	cell = 848 to 855
-10	-8	-45	-34	4	-29	-20	-32	cell = 856 to 863
-28	-43	21	-28	-23	-41	-13	1	cell = 864 to 871
1	-16	-7	12	-14	12	-13	14	cell = 872 to 879
-49	-50	-14	-18	-9	-7	-20	-40	cell = 880 to 887
17	48	-4	-53	-3	-12	-37	-24	cell = 888 to 895
-26	-50	-25	-32	16	-27	-21	-17	cell = 896 to 903
-30	-18	28	-38	-12	-20	-45	-63	cell = 904 to 911
-11	-26	11	-25	14	-86	-3	-30	cell = 912 to 919
-10	-7	6	-27	-2	-20	-9	-5	cell = 920 to 927
-33	-2	-17	1	2	0	-8	-3	cell = 928 to 935
-75	-37	-25	-41	-62	8	-68	28	cell = 936 to 943
-5	-54	-3	-2	-8	10	-33	-13	cell = 944 to 951
-12	-19	-26	-20	-36	-37	11	-43	cell = 952 to 959
-34	-8	0	-7	-14	-9	-30	11	cell = 960 to 967
-22	-24	-26	-48	-29	-30	9	-13	cell = 968 to 975
13	2	28	-23	-46	-21	-26	-27	cell = 976 to 983
-21	-22	-26	-56	0	11	-20	7	cell = 984 to 991
-50	-7	-67	-47	-44	-6	-19	-10	cell = 992 to 999
-16	-9	-14	-61	3	-45	1	14	cell = 1000 to 1007
13	-8	-44	-43	-9	-34	-52	-16	cell = 1008 to 1015
6	-4	-32	7	26	-19	10	-35	cell = 1016 to 1023
Calibration values from cell 0 to 1024 for channel 5:

60	7	29	17	49	18	57	11	cell = 0 to 7
27	-21	31	-32	5	15	88	-26	cell = 8 to 15
37	1	27	-36	29	-50	58	-2	cell = 16 to 23
53	-12	48	13	34	-33	14	-11	cell = 24 to 31
74	19	54	-13	50	-22	31	-25	cell = 32 to 39
31	10	11	11	39	4	55	3	cell = 40 to 47
38	-29	44	-14	45	-38	67	-24	cell = 48 to 55
59	-25	51	-17	22	-11	12	0	cell = 56 to 63
49	-22	52	-1	42	1	55	-12	cell = 64 to 71
61	11	11	-19	57	18	28	30	cell = 72 to 79
71	-40	42	-20	79	-30	14	31	cell = 80 to 87
58	-28	69	17	27	-2	76	-30	cell = 88 to 95
39	35	61	40	42	5	9	-7	cell = 96 to 103
50	-21	67	-5	29	-19	26	2	cell = 104 to 111
51	6	75	6	62	-31	16	7	cell = 112 to 119
51	-21	40	0	49	-6	69	-17	cell = 120 to 127
91	-35	72	-16	56	-17	19	-33	cell = 128 to 135
25	-20	66	-18	68	-31	67	-1	cell = 136 to 143
39	-27	26	-9	28	-45	36	-8	cell = 144 to 151
60	-15	36	6	62	-17	24	29	cell = 152 to 159
39	6	48	4	24	-25	59	18	cell = 160 to 167
47	25	72	-13	21	6	1	-20	cell = 168 to 175
53	-9	57	-52	41	-24	41	-2	cell = 176 to 183
49	40	83	-24	27	49	70	-5	cell = 184 to 191
61	-2	32	-33	24	-14	29	-2	cell = 192 to 199
54	-28	62	0	15	-10	30	-28	cell = 200 to 207
57	-16	29	27	95	-27	58	-51	cell = 208 to 215
30	-27	49	13	40	17	61	18	cell = 216 to 223
44	19	62	5	28	3	42	-24	cell = 224 to 231
23	-22	51	-14	8	3	57	-10	cell = 232 to 239
37	-40	39	-4	39	-31	84	-36	cell = 240 to 247
95	-8	4	-16	60	16	0	-34	cell = 248 to 255
54	-13	66	-14	52	-15	42	-17	cell = 256 to 263
93	9	46	-22	15	-20	50	8	cell = 264 to 271
30	-7	66	-4	85	8	80	-13	cell = 272 to 279
72	-5	74	-69	43	-30	10	-21	cell = 280 to 287
40	-51	41	16	52	-24	12	8	cell = 288 to 295
60	-14	47	-3	24	-2	41	-19	cell = 296 to 303
50	28	43	-2	33	17	51	9	cell = 304 to 311
28	-24	58	-7	32	-36	18	-17	cell = 312 to 319
42	-32	48	-1	21	-12	26	-19	cell = 320 to 327
62	-6	41	-14	67	-41	97	-42	cell = 328 to 335
45	-34	39	-22	55	-5	40	-57	cell = 336 to 343
23	28	70	-17	47	-34	5	-4	cell = 344 to 351
59	-9	80	0	98	-36	50	-1	cell = 352 to 359
42	-15	49	-7	15	-31	57	-7	cell = 360 to 367
25	-2	70	3	50	-39	51	-18	cell = 368 to 375
57	24	47	10	7	3	-30	-3	cell = 376 to 383
29	-51	76	31	75	-2	17	-19	cell = 384 to 391
54	23	51	-24	56	-24	43	-5	cell = 392 to 399
30	-19	73	0	54	-13	63	-11	cell = 400 to 407
22	-6	62	-3	72	-20	71	-29	cell = 408 to 415
79	33	35	12	40	21	73	1	cell = 416 to 423
58	-45	53	22	31	-26	6	-6	cell = 424 to 431
35	-7	83	7	-22	-12	36	-37	cell = 432 to 439
54	1	44	7	39	-9	72	3	cell = 440 to 447
45	16	39	8	52	5	47	13	cell = 448 to 455
24	-23	48	-40	40	-36	24	-44	cell = 456 to 463
75	0	16	-21	55	-64	22	47	cell = 464 to 471
37	-35	88	-5	35	9	54	-15	cell = 472 to 479
42	7	73	-8	43	-2	23	-3	cell = 480 to 487
24	-20	6	3	83	15	23	-35	cell = 488 to 495
67	-13	-34	-84	-33	-83	-24	-61	cell = 496 to 503
32	21	106	-32	40	4	56	9	cell = 504 to 511
-10	-29	-28	-31	-34	-34	-31	-36	cell = 512 to 519
-37	-63	-14	-30	-9	3	-33	-12	cell = 520 to 527
-14	24	0	-15	-18	-25	-26	-2	cell = 528 to 535
-29	-63	-30	3	-23	-57	12	30	cell = 536 to 543
0	-42	-14	6	-11	-27	1	-15	cell = 544 to 551
1	-40	-11	-3	-36	-7	3	-24	cell = 552 to 559
-22	-16	24	-37	-36	-19	-57	16	cell = 560 to 567
-45	-18	-33	-3	-22	-5	-16	-2	cell = 568 to 575
-59	3	-3	-11	-29	2	-20	-49	cell = 576 to 583
-45	5	-2	-7	-55	-22	-25	-26	cell = 584 to 591
7	-38	1	-17	-7	4	-13	-26	cell = 592 to 599
-23	0	-66	5	-9	-5	-7	-8	cell = 600 to 607
-22	-34	-29	-24	-48	-11	-13	-29	cell = 608 to 615
-16	-32	8	-26	7	-6	-19	-42	cell = 616 to 623
8	-31	-27	-41	-14	1	8	2	cell = 624 to 631
-2	-14	-44	-44	-63	-43	-49	3	cell = 632 to 639
-2	-38	-22	-27	-21	-38	38	-61	cell = 640 to 647
6	-22	-26	-61	-23	11	-23	-5	cell = 648 to 655
-31	-62	-14	-11	10	4	3	-9	cell = 656 to 663
-31	-10	-13	0	-4	-8	-3	-36	cell = 664 to 671
12	-6	20	7	2	-28	-48	9	cell = 672 to 679
-13	-24	7	-8	-15	-40	-13	16	cell = 680 to 687
-8	-51	-31	-14	-29	-47	-51	-21	cell = 688 to 695
-23	-64	14	-29	-37	7	27	-29	cell = 696 to 703
0	19	-44	-71	-44	-6	-61	-7	cell = 704 to 711
-81	-7	31	10	-8	-40	15	-46	cell = 712 to 719
-9	-22	-23	-16	-8	15	-5	-27	cell = 720 to 727
-54	-17	-41	-20	-24	-27	-25	-2	cell = 728 to 735
-27	-41	-13	-38	12	-2	-51	-26	cell = 736 to 743
-35	-30	-47	-30	21	48	-39	12	cell = 744 to 751
3	-24	-27	1	-40	-72	-32	-60	cell = 752 to 759
15	21	-12	13	-31	-54	-10	-6	cell = 760 to 767
5	3	-34	-38	-41	29	9	-59	cell = 768 to 775
-4	-31	29	-57	-36	-24	-28	-25	cell = 776 to 783
-30	9	-72	0	-17	-38	-28	-7	cell = 784 to 791
-40	-51	-9	-35	-7	-25	-12	19	cell = 792 to 799
-44	-10	-17	-23	-50	-24	-51	-61	cell = 800 to 807
-3	-15	1	-4	-27	-28	-14	6	cell = 808 to 815
32	-28	23	-25	-1	0	-19	-16	cell = 816 to 823
7	-49	-32	9	-9	-43	20	-17	cell = 824 to 831
-15	4	4	-18	-39	9	0	5	cell = 832 to 839
2	15	-48	-3	-15	-22	7	3	cell = 840 to 847
-16	-41	-37	21	-14	-26	-23	3	cell = 848 to 855
-3	2	-21	-37	-23	-4	-30	-13	cell = 856 to 863
-44	-30	-43	-50	12	-33	-12	-38	cell = 864 to 871
-31	-22	-14	11	-18	-19	-1	-7	cell = 872 to 879
-13	-18	-20	-30	-30	-44	-33	-36	cell = 880 to 887
13	8	-8	-33	-1	6	-43	-23	cell = 888 to 895
-37	-38	-34	4	-16	-18	-17	-14	cell = 896 to 903
-38	-11	-17	1	-15	-48	-26	-22	cell = 904 to 911
6	-47	-26	-11	-18	-26	-14	-43	cell = 912 to 919
-6	-35	-13	-40	20	5	-27	-16	cell = 920 to 927
-28	-8	-21	4	-46	-64	-7	7	cell = 928 to 935
-18	-16	18	-32	29	-33	-4	-31	cell = 936 to 943
5	17	15	-19	22	-48	-15	41	cell = 944 to 951
-30	-8	-8	-23	-50	17	-28	13	cell = 952 to 959
8	4	-22	-23	-3	-42	-36	-52	cell = 960 to 967
-50	-52	-11	7	-25	-35	-2	-8	cell = 968 to 975
0	-18	-19	-34	-25	11	-16	-12	cell = 976 to 983
-14	3	-44	-21	21	-3	10	-55	cell = 984 to 991
-43	1	-38	-7	-13	-3	-25	-22	cell = 992 to 999
-26	-13	-9	-14	-26	28	-55	-37	cell = 1000 to 1007
-22	-29	-7	-38	-27	-23	-3	-19	cell = 1008 to 1015
-10	-21	-22	0	-17	-42	-24	-27	cell = 1016 to 1023
Calibration values from cell 0 to 1024 for channel 6:

61	5	38	7	30	-35	13	-11	cell = 0 to 7
43	-15	16	16	40	11	67	-26	cell = 8 to 15
56	26	29	-46	23	-30	67	-44	cell = 16 to 23
40	9	49	11	53	-12	44	-30	cell = 24 to 31
62	7	52	-26	39	-5	23	6	cell = 32 to 39
24	17	27	-2	58	-27	50	-9	cell = 40 to 47
52	-1	27	21	3	21	41	8	cell = 48 to 55
50	-5	24	-12	5	19	56	-16	cell = 56 to 63
35	9	36	5	28	-4	74	-40	cell = 64 to 71
41	13	34	-15	49	-5	63	36	cell = 72 to 79
88	-5	53	-31	82	4	72	-22	cell = 80 to 87
54	-39	55	-26	25	-28	73	8	cell = 88 to 95
42	-13	44	0	47	-44	4	-7	cell = 96 to 103
76	0	6	-21	73	0	68	-48	cell = 104 to 111
65	-30	43	7	56	14	84	-35	cell = 112 to 119
39	5	52	-12	35	-15	25	-1	cell = 120 to 127
43	-38	53	-15	56	-33	38	1	cell = 128 to 135
41	-35	26	-37	57	11	60	7	cell = 136 to 143
40	-18	27	-20	16	-18	44	-19	cell = 144 to 151
60	-32	85	-4	26	-26	87	-1	cell = 152 to 159
83	7	63	-8	73	-33	36	-11	cell = 160 to 167
55	-2	20	20	89	-16	13	-6	cell = 168 to 175
60	-26	71	9	37	-29	25	25	cell = 176 to 183
35	15	65	9	65	10	42	-25	cell = 184 to 191
20	16	87	-3	55	13	68	-37	cell = 192 to 199
33	-31	-4	-37	25	-5	67	-14	cell = 200 to 207
55	3	39	18	81	-13	67	-17	cell = 208 to 215
37	32	58	-22	49	-6	60	-34	cell = 216 to 223
64	23	66	-29	17	-13	37	-46	cell = 224 to 231
34	32	54	-10	24	-22	75	23	cell = 232 to 239
37	-28	58	7	32	-3	49	-42	cell = 240 to 247
53	-12	75	26	92	-25	85	-13	cell = 248 to 255
-24	-4	51	-15	24	-16	44	15	cell = 256 to 263
31	-26	58	7	34	-29	77	-48	cell = 264 to 271
41	0	29	11	54	-25	52	-15	cell = 272 to 279
29	11	55	-15	45	0	66	-18	cell = 280 to 287
67	-10	8	0	69	-31	46	-20	cell = 288 to 295
33	-10	33	8	66	-10	57	-35	cell = 296 to 303
8	7	28	-11	21	-9	55	-27	cell = 304 to 311
18	-43	28	-24	32	1	29	5	cell = 312 to 319
44	3	6	-1	36	-25	42	-12	cell = 320 to 327
-4	-5	54	-5	17	1	77	0	cell = 328 to 335
51	-18	47	-11	43	-16	48	-29	cell = 336 to 343
40	1	62	11	22	-36	8	-37	cell = 344 to 351
48	16	66	41	45	-30	25	-15	cell = 352 to 359
71	-2	65	-3	44	-5	51	-8	cell = 360 to 367
68	16	54	-24	47	-13	-5	27	cell = 368 to 375
16	13	24	-19	81	-5	57	-28	cell = 376 to 383
70	-42	10	-2	23	-54	69	4	cell = 384 to 391
41	-26	30	-3	69	6	23	24	cell = 392 to 399
40	-8	55	-4	49	-20	18	-10	cell = 400 to 407
47	3	44	7	21	21	95	23	cell = 408 to 415
-11	13	52	32	76	-46	70	14	cell = 416 to 423
8	-3	41	-13	53	-3	50	-47	cell = 424 to 431
22	-22	5	-22	51	15	22	11	cell = 432 to 439
36	17	46	-18	46	-19	55	-34	cell = 440 to 447
59	41	9	18	65	-42	13	-4	cell = 448 to 455
54	-11	68	0	72	-14	33	-28	cell = 456 to 463
53	-43	7	-18	43	-25	39	15	cell = 464 to 471
83	-1	44	-9	21	12	41	-59	cell = 472 to 479
36	-25	87	21	55	-25	16	-17	cell = 480 to 487
36	-21	36	-39	55	11	44	-3	cell = 488 to 495
40	17	-104	-78	-38	-97	-35	-44	cell = 496 to 503
40	-17	45	-22	58	-58	26	-9	cell = 504 to 511
-51	0	-46	-39	1	-18	-15	-42	cell = 512 to 519
-55	21	0	-18	-12	-16	-39	3	cell = 520 to 527
-12	-13	-7	-10	-24	-56	-59	-21	cell = 528 to 535
2	-29	-7	19	-3	-7	-27	-13	cell = 536 to 543
27	-38	-15	-30	-5	13	-20	-51	cell = 544 to 551
-36	-30	3	-20	-4	-40	4	-34	cell = 552 to 559
16	-18	-68	-15	-10	-15	-27	18	cell = 560 to 567
-38	-74	-39	-47	-28	-37	6	5	cell = 568 to 575
-38	-45	-56	-11	-37	-3	-11	-32	cell = 576 to 583
-11	-23	-23	21	-25	-52	-16	-25	cell = 584 to 591
-19	-14	-20	5	-10	4	-66	-17	cell = 592 to 599
6	-5	44	-78	-48	-52	-22	-14	cell = 600 to 607
-13	-10	3	-10	-61	-48	-18	3	cell = 608 to 615
-3	-3	2	-45	-29	27	-37	-4	cell = 616 to 623
-25	22	-6	-20	-19	-30	-23	-63	cell = 624 to 631
-18	0	-56	-24	-16	-17	-56	0	cell = 632 to 639
-3	-38	-65	-5	-2	-35	-10	-13	cell = 640 to 647
6	-15	-29	-30	20	5	-28	-63	cell = 648 to 655
-48	5	29	-81	-21	-36	-23	-42	cell = 656 to 663
0	-17	-9	-10	-1	26	-32	-16	cell = 664 to 671
23	18	-7	-17	-32	-39	0	-42	cell = 672 to 679
-45	12	-22	1	-38	-38	-22	-37	cell = 680 to 687
-10	-16	-2	-2	-28	-17	-7	0	cell = 688 to 695
11	-38	-6	-16	-22	-32	-14	-1	cell = 696 to 703
3	-11	-17	-13	-29	0	13	-32	cell = 704 to 711
-14	7	-21	-31	-15	-10	-17	1	cell = 712 to 719
-11	74	-18	1	-44	0	-32	3	cell = 720 to 727
-23	20	-25	23	-4	3	-21	4	cell = 728 to 735
-37	6	6	0	-43	-79	-15	2	cell = 736 to 743
17	7	-8	-1	-6	8	-8	-43	cell = 744 to 751
22	-11	17	-19	-6	-15	-47	-11	cell = 752 to 759
-12	25	-31	-51	1	-26	10	6	cell = 760 to 767
-31	-27	-23	8	-45	11	-20	-53	cell = 768 to 775
-62	-22	-17	8	-27	-16	-20	-6	cell = 776 to 783
-8	-46	5	-38	5	8	7	-17	cell = 784 to 791
2	42	-35	-6	7	-19	-9	-15	cell = 792 to 799
5	-17	-17	-30	-11	-24	-24	-36	cell = 800 to 807
7	-11	-27	-40	-6	-23	-57	-3	cell = 808 to 815
-36	-3	-17	-35	14	-72	-2	-46	cell = 816 to 823
-10	-74	-31	24	-59	4	2	-40	cell = 824 to 831
-23	14	-36	-8	-31	-3	-22	-2	cell = 832 to 839
-12	-53	-55	10	16	5	-33	-18	cell = 840 to 847
-5	-22	-40	-75	-42	-36	-34	-35	cell = 848 to 855
-9	-11	-24	-21	3	-19	-8	-16	cell = 856 to 863
12	-25	-29	-18	-43	15	-15	-35	cell = 864 to 871
7	-61	2	22	-53	-18	-26	-2	cell = 872 to 879
3	-58	-5	-38	23	-19	0	-15	cell = 880 to 887
-29	9	-15	-22	-42	-21	-13	-12	cell = 888 to 895
-33	-46	-4	18	-14	-30	-21	-11	cell = 896 to 903
8	13	-10	-16	35	-15	-16	-24	cell = 904 to 911
-15	-7	3	-32	25	-39	-9	-10	cell = 912 to 919
34	12	-23	-13	-25	-42	10	-54	cell = 920 to 927
0	-32	-8	2	-47	-22	-10	-53	cell = 928 to 935
19	-6	-42	-10	-41	-20	-23	-37	cell = 936 to 943
-7	-60	-33	-20	-2	-25	-18	-38	cell = 944 to 951
-3	32	-11	10	-16	-9	-49	-33	cell = 952 to 959
-13	-47	18	-19	2	-19	-20	-22	cell = 960 to 967
-51	2	-11	12	-53	-10	-37	38	cell = 968 to 975
-18	-37	-17	-30	-10	-4	13	-17	cell = 976 to 983
0	-37	-39	15	-31	-58	3	-25	cell = 984 to 991
2	-55	-9	-31	-40	-23	27	-2	cell = 992 to 999
-39	-23	-13	13	-36	-7	3	-19	cell = 1000 to 1007
-9	-25	-34	-53	-57	-46	-64	-24	cell = 1008 to 1015
-10	-30	-46	-50	-30	-43	-4	-2	cell = 1016 to 1023
Calibration values from cell 0 to 1024 for channel 7:

62	14	43	7	24	14	56	-10	cell = 0 to 7
15	0	58	-35	18	-15	30	-8	cell = 8 to 15
56	0	36	-8	35	-12	67	20	cell = 16 to 23
62	-27	21	-50	60	-29	66	-32	cell = 24 to 31
19	2	36	-13	64	-35	22	-2	cell = 32 to 39
47	11	58	-9	48	15	16	16	cell = 40 to 47
30	2	23	-24	61	-6	61	-10	cell = 48 to 55
24	-22	70	4	68	19	16	5	cell = 56 to 63
34	-6	25	-5	53	-4	42	-8	cell = 64 to 71
57	-32	-24	5	44	14	13	-39	cell = 72 to 79
45	-34	35	-3	44	20	44	7	cell = 80 to 87
43	15	63	-47	91	21	25	-20	cell = 88 to 95
48	6	24	2	26	-3	44	23	cell = 96 to 103
32	9	52	-28	59	3	47	-8	cell = 104 to 111
7	-22	21	-13	55	-15	39	-17	cell = 112 to 119
41	19	42	18	24	13	12	11	cell = 120 to 127
53	-26	23	-2	12	2	52	-1	cell = 128 to 135
65	-27	50	-8	59	31	39	18	cell = 136 to 143
57	25	57	-28	29	10	21	-20	cell = 144 to 151
53	-32	94	-21	71	5	58	16	cell = 152 to 159
56	17	18	-14	82	-31	67	-3	cell = 160 to 167
64	-25	54	8	42	-9	16	-5	cell = 168 to 175
72	-18	43	-22	38	5	33	13	cell = 176 to 183
52	-17	-1	3	36	-21	39	-11	cell = 184 to 191
49	26	42	-24	68	34	61	-28	cell = 192 to 199
35	-2	27	-21	29	-32	-3	4	cell = 200 to 207
28	14	10	0	47	-31	72	-15	cell = 208 to 215
45	-30	92	-8	62	4	35	13	cell = 216 to 223
62	-18	26	1	50	-1	54	0	cell = 224 to 231
77	2	44	-16	50	-10	51	-8	cell = 232 to 239
36	2	-3	26	54	33	86	11	cell = 240 to 247
59	-1	14	-15	43	-31	38	23	cell = 248 to 255
38	-33	15	-15	61	-51	10	-28	cell = 256 to 263
41	-11	37	16	83	-25	80	-31	cell = 264 to 271
56	35	42	-21	49	3	75	-22	cell = 272 to 279
55	-14	50	20	49	0	41	-48	cell = 280 to 287
31	9	39	12	62	-23	4	-23	cell = 288 to 295
23	4	38	-25	47	-25	40	-5	cell = 296 to 303
76	8	29	-50	23	-26	59	7	cell = 304 to 311
61	-1	20	0	84	-41	27	-41	cell = 312 to 319
46	-34	9	-19	22	19	60	-10	cell = 320 to 327
63	-10	7	39	48	-52	21	-7	cell = 328 to 335
28	34	63	-15	68	-3	19	6	cell = 336 to 343
33	14	50	-12	23	4	36	15	cell = 344 to 351
58	35	72	7	62	-18	67	-32	cell = 352 to 359
50	-34	29	17	25	31	4	-17	cell = 360 to 367
9	8	39	-37	46	-44	67	-23	cell = 368 to 375
39	-16	42	-3	17	-33	36	-36	cell = 376 to 383
55	-25	-9	-16	32	28	27	-32	cell = 384 to 391
48	-17	61	-4	40	8	15	-34	cell = 392 to 399
60	-27	55	-31	49	9	25	-2	cell = 400 to 407
38	37	18	2	19	1	19	-1	cell = 408 to 415
38	-30	61	-25	32	-30	46	-1	cell = 416 to 423
30	8	24	-24	62	8	69	-19	cell = 424 to 431
28	-44	-4	-1	26	-14	71	-21	cell = 432 to 439
63	-25	18	-4	73	-10	12	-21	cell = 440 to 447
20	19	59	-2	87	-20	17	-29	cell = 448 to 455
40	11	32	5	77	10	37	-5	cell = 456 to 463
50	7	48	-33	27	-12	51	25	cell = 464 to 471
19	-9	34	-3	43	1	81	-38	cell = 472 to 479
31	12	49	17	70	-8	5	-12	cell = 480 to 487
46	-50	40	-24	20	-34	33	-2	cell = 488 to 495
29	-6	-46	-85	-16	-79	-12	-85	cell = 496 to 503
27	17	32	-43	83	-7	63	-29	cell = 504 to 511
15	-6	7	-36	-32	11	-30	-2	cell = 512 to 519
-5	-11	-27	-52	6	-17	-18	-22	cell = 520 to 527
-7	-9	9	-38	-4	25	-10	2	cell = 528 to 535
-18	1	-37	-39	-39	-3	-35	6	cell = 536 to 543
-28	-18	-29	-19	32	11	-32	-2	cell = 544 to 551
-44	-41	-44	-6	20	-4	-51	-21	cell = 552 to 559
-11	-34	-17	27	-5	-12	-28	-41	cell = 560 to 567
-40	-31	-20	13	-28	-25	-27	-36	cell = 568 to 575
-13	-15	-11	-32	6	-21	-40	38	cell = 576 to 583
-27	-22	-8	-3	-26	-19	-28	0	cell = 584 to 591
-25	-17	-6	-20	-26	-3	-2	-30	cell = 592 to 599
-5	-16	-31	-15	7	-19	-3	-17	cell = 600 to 607
-44	14	-58	-39	-6	7	-41	-23	cell = 608 to 615
-9	-33	18	-28	-22	28	-35	-4	cell = 616 to 623
-27	14	-37	-8	-13	-61	-19	-26	cell = 624 to 631
-33	-18	-22	-51	8	2	-18	-12	cell = 632 to 639
10	-33	-35	-69	18	-18	-3	-36	cell = 640 to 647
-17	-35	-7	-40	-11	-16	-14	-36	cell = 648 to 655
-15	-20	-39	-12	16	3	16	-27	cell = 656 to 663
-12	-35	4	14	-17	-10	-19	-28	cell = 664 to 671
-69	-4	-24	-12	-49	-47	-7	-30	cell = 672 to 679
23	-20	-24	-58	-14	-10	-26	-40	cell = 680 to 687
-39	-32	3	8	-33	-13	-15	2	cell = 688 to 695
-59	-50	0	-21	-16	-43	4	-15	cell = 696 to 703
-30	-2	-33	-15	-38	17	-10	-14	cell = 704 to 711
-47	-48	-14	-24	-24	11	-32	11	cell = 712 to 719
-2	-32	-34	-3	-28	-41	-16	-15	cell = 720 to 727
-26	31	-29	-36	-7	-66	-3	-8	cell = 728 to 735
-6	-49	-3	-13	10	-53	19	-17	cell = 736 to 743
-37	-40	-25	5	-23	-9	-28	-21	cell = 744 to 751
-28	-27	-72	1	13	-39	18	-13	cell = 752 to 759
-13	-10	-33	-55	-38	-40	0	-49	cell = 760 to 767
-20	-56	2	10	-7	-14	-12	-40	cell = 768 to 775
-6	-4	29	-33	-17	-27	-15	-41	cell = 776 to 783
2	-58	10	20	4	-29	-41	-29	cell = 784 to 791
-8	8	-51	-29	31	-46	20	7	cell = 792 to 799
-17	-20	11	-10	-9	-24	20	-15	cell = 800 to 807
-33	-28	16	-9	13	-30	9	-51	cell = 808 to 815
15	13	-19	-33	33	-18	-17	-24	cell = 816 to 823
-25	-38	-16	-3	-26	13	-29	-22	cell = 824 to 831
-42	-11	-38	-10	13	-17	-27	7	cell = 832 to 839
7	-44	-33	-32	-27	4	2	-35	cell = 840 to 847
-15	-19	-39	-4	-30	-10	-20	5	cell = 848 to 855
-14	19	-21	-7	31	-35	-6	-4	cell = 856 to 863
-17	-54	-26	-32	1	-11	-35	-28	cell = 864 to 871
-12	-30	12	-4	1	-9	-30	-23	cell = 872 to 879
0	-13	12	-24	-19	-35	12	-21	cell = 880 to 887
19	5	-32	-16	-38	-11	20	0	cell = 888 to 895
-63	3	-26	49	-42	-21	4	-11	cell = 896 to 903
-15	28	-49	-29	12	-63	1	-32	cell = 904 to 911
2	-28	4	-29	-18	-15	-55	-6	cell = 912 to 919
-2	-27	-11	-32	10	-13	19	-35	cell = 920 to 927
-8	-21	-22	6	-35	-31	-20	-41	cell = 928 to 935
-14	-23	-6	-2	-5	-14	-11	-26	cell = 936 to 943
2	20	0	-17	2	-63	-68	-18	cell = 944 to 951
-1	3	-4	-28	-45	-35	6	-5	cell = 952 to 959
5	-7	-32	-17	-6	-5	-7	-24	cell = 960 to 967
-19	0	10	-3	-57	25	-36	-4	cell = 968 to 975
-36	-7	-26	-32	2	-17	-5	-24	cell = 976 to 983
-16	-30	25	13	-28	-9	-34	-2	cell = 984 to 991
-25	-4	-28	-23	-47	6	-43	-13	cell = 992 to 999
-33	-46	-33	-46	-19	-6	-31	-24	cell = 1000 to 1007
-30	15	-29	-20	12	-45	-32	-37	cell = 1008 to 1015
-16	-22	-14	2	-80	-36	-24	-49	cell = 1016 to 1023
Calibration values from cell 0 to 1024 for channel 8:

52	-21	54	14	70	4	61	1	cell = 0 to 7
33	1	35	23	6	39	41	-42	cell = 8 to 15
30	-3	37	0	61	-24	50	-7	cell = 16 to 23
77	-4	48	25	14	4	7	33	cell = 24 to 31
53	-6	13	3	46	-6	42	13	cell = 32 to 39
54	-22	18	-14	45	1	-8	33	cell = 40 to 47
21	20	30	-7	34	2	58	-60	cell = 48 to 55
38	0	34	-40	69	12	37	24	cell = 56 to 63
20	6	40	-20	60	10	15	6	cell = 64 to 71
35	-15	44	6	56	-8	14	-48	cell = 72 to 79
61	-37	11	-37	57	-2	78	-36	cell = 80 to 87
7	33	40	-7	30	6	8	6	cell = 88 to 95
30	-16	61	-4	47	6	21	3	cell = 96 to 103
63	-16	44	8	50	41	25	16	cell = 104 to 111
48	0	51	19	48	5	61	-2	cell = 112 to 119
48	2	19	33	72	-2	41	-4	cell = 120 to 127
-7	41	6	-16	53	-12	15	-13	cell = 128 to 135
45	-4	50	8	63	-4	64	39	cell = 136 to 143
13	18	37	2	41	-6	56	16	cell = 144 to 151
80	27	112	4	18	18	67	-21	cell = 152 to 159
41	13	53	4	24	14	65	-41	cell = 160 to 167
64	31	39	-17	68	-19	62	18	cell = 168 to 175
42	5	18	-44	93	18	29	58	cell = 176 to 183
51	-12	49	-2	50	-2	47	1	cell = 184 to 191
44	3	17	-3	60	1	33	-25	cell = 192 to 199
45	19	71	13	54	-13	55	-14	cell = 200 to 207
60	-13	52	12	53	3	37	2	cell = 208 to 215
37	-2	9	-2	12	2	82	33	cell = 216 to 223
61	1	10	30	17	20	77	11	cell = 224 to 231
23	-1	13	4	28	-20	40	36	cell = 232 to 239
24	-29	4	-34	15	26	21	-12	cell = 240 to 247
1	19	41	0	54	-30	34	-25	cell = 248 to 255
45	3	4	-79	70	-28	52	16	cell = 256 to 263
41	-19	33	-33	26	38	33	-33	cell = 264 to 271
30	7	54	-13	78	41	57	-6	cell = 272 to 279
49	20	54	8	41	-32	48	47	cell = 280 to 287
48	2	70	-14	73	9	47	7	cell = 288 to 295
85	5	53	-6	2	10	87	-19	cell = 296 to 303
9	30	33	18	75	20	75	12	cell = 304 to 311
54	-28	25	-26	26	18	41	-15	cell = 312 to 319
36	4	46	-43	18	-4	57	19	cell = 320 to 327
23	-24	51	28	33	-30	2	-19	cell = 328 to 335
51	-21	27	-14	39	-6	42	-56	cell = 336 to 343
25	4	64	50	20	-16	55	-47	cell = 344 to 351
34	-36	77	-26	76	18	12	9	cell = 352 to 359
77	5	51	42	31	33	56	-8	cell = 360 to 367
21	5	74	3	18	0	36	-10	cell = 368 to 375
57	4	62	24	24	-15	32	-41	cell = 376 to 383
38	-20	31	-20	2	6	29	-28	cell = 384 to 391
25	7	15	9	70	-45	27	-12	cell = 392 to 399
40	-6	-10	-17	47	23	52	8	cell = 400 to 407
26	22	31	-3	59	-30	38	26	cell = 408 to 415
15	-21	22	29	14	6	7	31	cell = 416 to 423
58	-27	51	-5	71	-6	46	9	cell = 424 to 431
31	-11	16	-37	36	-37	51	-20	cell = 432 to 439
51	-11	44	13	48	-5	14	-5	cell = 440 to 447
26	21	48	5	30	-3	54	2	cell = 448 to 455
69	41	44	17	13	-13	16	-3	cell = 456 to 463
34	9	32	-28	44	-8	22	-9	cell = 464 to 471
-1	-12	60	13	22	1	22	6	cell = 472 to 479
11	0	26	21	46	-2	61	-16	cell = 480 to 487
65	-19	72	-37	30	-3	62	-1	cell = 488 to 495
42	-49	-27	-73	-39	-122	29	-61	cell = 496 to 503
33	14	51	2	14	15	39	49	cell = 504 to 511
-5	-45	-51	-11	-28	-7	-9	-9	cell = 512 to 519
-24	-36	-30	12	-57	-50	5	-8	cell = 520 to 527
-21	15	-44	-47	-5	7	-49	-26	cell = 528 to 535
7	-16	-14	-15	-17	-25	-58	-20	cell = 536 to 543
-17	11	-19	9	-22	-15	-2	-52	cell = 544 to 551
-38	-12	-3	0	-22	30	-27	-57	cell = 552 to 559
-17	-5	-42	-11	-52	-30	-29	-17	cell = 560 to 567
20	-37	-46	8	-43	1	-31	-2	cell = 568 to 575
-38	1	-55	-8	4	-28	-36	-7	cell = 576 to 583
32	-14	5	25	-11	-18	-2	-52	cell = 584 to 591
-30	-4	19	-7	-13	-3	-45	8	cell = 592 to 599
-28	-7	-20	25	22	-12	17	-11	cell = 600 to 607
-54	-39	-39	-13	-19	0	-15	-4	cell = 608 to 615
-65	-23	-25	-44	-24	-8	-30	-15	cell = 616 to 623
0	-17	-18	-15	-17	-5	-43	19	cell = 624 to 631
-27	-28	-19	5	-2	-12	6	-23	cell = 632 to 639
-1	-27	-30	-37	-23	-18	-43	2	cell = 640 to 647
-35	26	-42	1	-12	4	-31	-63	cell = 648 to 655
-47	6	-17	-51	10	-14	-26	-34	cell = 656 to 663
26	-24	-7	-13	-25	36	-22	-39	cell = 664 to 671
-48	-6	-27	-4	-32	9	-50	-17	cell = 672 to 679
8	7	-30	-9	-6	-26	-50	-2	cell = 680 to 687
2	-3	10	-38	7	-32	-27	21	cell = 688 to 695
-45	-44	-54	-3	-16	-28	-56	-35	cell = 696 to 703
-39	-23	-30	-7	-33	-56	-12	-64	cell = 704 to 711
-22	-15	-13	-30	1	-39	-20	0	cell = 712 to 719
-13	5	-54	-6	-17	-9	-24	-16	cell = 720 to 727
-3	-3	-28	9	2	-46	-34	-28	cell = 728 to 735
5	-38	-48	-10	-26	-5	-27	25	cell = 736 to 743
-20	-61	-45	-39	14	-37	-50	-8	cell = 744 to 751
18	-9	-50	-74	-36	8	0	-15	cell = 752 to 759
-21	13	-11	-52	-54	-1	-34	-51	cell = 760 to 767
21	-47	-26	28	-30	-38	-6	19	cell = 768 to 775
-4	15	-42	-49	-24	-13	-15	-20	cell = 776 to 783
-1	-46	-20	-46	-46	-28	-15	0	cell = 784 to 791
-17	-12	-56	-43	-37	10	-13	22	cell = 792 to 799
-45	15	-60	-62	-7	35	-25	-6	cell = 800 to 807
-31	-39	-13	10	-28	-35	-4	6	cell = 808 to 815
-21	-62	20	0	2	7	-36	-5	cell = 816 to 823
5	-18	-51	28	-4	-14	9	-45	cell = 824 to 831
-37	-35	-12	-16	-33	-7	-2	-15	cell = 832 to 839
-26	5	-29	-34	-3	-19	-46	-55	cell = 840 to 847
2	1	-15	18	3	12	13	0	cell = 848 to 855
11	-24	-20	25	-9	-44	-40	-39	cell = 856 to 863
18	-22	-56	-29	-43	-13	14	1	cell = 864 to 871
-52	-86	-19	19	-52	11	11	4	cell = 872 to 879
-13	-26	4	1	-7	-4	-13	-25	cell = 880 to 887
-17	-22	-10	-12	-28	-10	-19	-17	cell = 888 to 895
-56	-59	-62	5	-37	-8	-35	14	cell = 896 to 903
-52	-9	10	-22	-54	-23	-56	-38	cell = 904 to 911
0	-21	4	4	-23	-23	-27	9	cell = 912 to 919
1	-26	0	-7	-13	-32	-11	-53	cell = 920 to 927
15	-10	-39	-24	-10	-35	-3	-44	cell = 928 to 935
-16	36	-26	-23	17	-18	4	-28	cell = 936 to 943
-59	-67	-35	-35	-18	-11	-12	-24	cell = 944 to 951
-46	-23	14	-17	-35	9	-14	-45	cell = 952 to 959
-17	-9	-45	-17	-40	1	-42	-32	cell = 960 to 967
-27	-1	-23	82	-28	-45	-19	34	cell = 968 to 975
-33	-36	-32	-11	-43	-83	-47	-19	cell = 976 to 983
-16	13	1	-24	-28	17	-32	4	cell = 984 to 991
-35	-36	-58	-47	-41	-38	-38	-58	cell = 992 to 999
-15	1	-19	-12	-39	-27	-27	-39	cell = 1000 to 1007
-15	-12	-104	-41	-48	23	9	-31	cell = 1008 to 1015
-35	-4	-23	8	-17	-31	-41	-40	cell = 1016 to 1023
