Calibration values from cell 0 to 1024 for channel 0:

0	32	-18	-10	11	-7	41	-5	cell = 0 to 7
40	13	32	11	67	12	8	-38	cell = 8 to 15
63	-3	62	5	33	-12	57	-32	cell = 16 to 23
47	6	49	9	30	-16	25	-12	cell = 24 to 31
55	-16	63	3	63	-12	41	31	cell = 32 to 39
21	-19	74	-1	47	9	66	7	cell = 40 to 47
14	-18	57	-28	55	-2	48	5	cell = 48 to 55
49	-4	58	11	4	36	30	-12	cell = 56 to 63
16	0	17	-32	44	-20	53	17	cell = 64 to 71
42	-7	23	6	83	3	14	20	cell = 72 to 79
39	17	10	20	-4	8	34	-22	cell = 80 to 87
3	7	23	-21	40	11	41	23	cell = 88 to 95
15	8	33	-36	27	16	29	-28	cell = 96 to 103
19	7	-23	22	14	-4	48	43	cell = 104 to 111
43	-4	20	-36	1	-7	6	-25	cell = 112 to 119
35	-34	96	-24	63	-17	49	-29	cell = 120 to 127
49	-9	9	1	36	10	26	14	cell = 128 to 135
45	-1	11	0	29	-45	37	20	cell = 136 to 143
35	-37	26	23	82	13	68	-26	cell = 144 to 151
24	20	24	-29	31	-28	14	14	cell = 152 to 159
77	-14	50	1	46	4	56	-10	cell = 160 to 167
73	-9	81	-21	60	-34	74	6	cell = 168 to 175
65	6	93	-17	45	-25	69	-11	cell = 176 to 183
52	16	68	-11	25	-24	39	-35	cell = 184 to 191
60	-33	54	-22	13	-7	31	-16	cell = 192 to 199
0	-6	49	31	12	-41	85	-16	cell = 200 to 207
30	4	6	-24	71	8	24	-12	cell = 208 to 215
19	-30	40	5	47	-31	63	-9	cell = 216 to 223
17	12	57	17	51	-2	55	19	cell = 224 to 231
52	-37	41	-56	8	-18	57	-11	cell = 232 to 239
63	-24	2	2	18	8	38	-54	cell = 240 to 247
62	-13	26	-21	37	9	54	19	cell = 248 to 255
54	21	7	8	73	32	30	-34	cell = 256 to 263
96	-48	29	-22	54	-25	55	-50	cell = 264 to 271
8	-25	39	-4	9	4	35	-23	cell = 272 to 279
44	-32	65	-12	19	-14	34	-9	cell = 280 to 287
36	22	26	-14	24	-39	31	-21	cell = 288 to 295
12	-64	42	20	46	3	47	6	cell = 296 to 303
15	-24	63	-13	76	-5	30	18	cell = 304 to 311
22	21	51	-5	53	13	34	15	cell = 312 to 319
44	14	55	-7	33	-40	50	20	cell = 320 to 327
56	16	74	-35	29	-23	77	-4	cell = 328 to 335
27	10	29	-9	34	-20	65	-31	cell = 336 to 343
32	-37	13	-25	36	23	43	14	cell = 344 to 351
28	-46	31	-12	13	15	107	8	cell = 352 to 359
64	-25	51	17	42	-16	40	22	cell = 360 to 367
33	-3	72	22	69	-2	30	-1	cell = 368 to 375
29	-9	23	-6	37	-32	46	-9	cell = 376 to 383
39	-10	47	9	23	-4	18	43	cell = 384 to 391
-28	-31	44	16	39	-28	-2	-12	cell = 392 to 399
57	-4	67	-11	56	10	13	1	cell = 400 to 407
47	13	59	25	44	8	72	27	cell = 408 to 415
56	5	41	-55	26	-3	27	24	cell = 416 to 423
72	12	40	-20	65	29	14	-1	cell = 424 to 431
36	37	69	12	41	-20	19	9	cell = 432 to 439
32	-26	82	-20	32	4	40	-4	cell = 440 to 447
41	0	78	-8	17	-52	46	0	cell = 448 to 455
31	4	57	30	74	54	-9	6	cell = 456 to 463
64	8	31	4	28	-6	24	-5	cell = 464 to 471
43	12	42	5	18	3	50	-7	cell = 472 to 479
41	8	88	-27	32	7	66	-24	cell = 480 to 487
28	26	70	-11	33	26	72	6	cell = 488 to 495
38	11	-9	-104	-47	-102	-41	-87	cell = 496 to 503
43	10	65	-17	24	19	46	-29	cell = 504 to 511
-59	-10	-49	7	17	7	-19	-45	cell = 512 to 519
-9	28	-25	0	-9	-17	-21	-17	cell = 520 to 527
-28	5	0	3	-30	2	1	-20	cell = 528 to 535
-11	-23	-3	-40	8	-23	-41	23	cell = 536 to 543
-12	-10	-7	-48	5	-30	-31	-7	cell = 544 to 551
5	-16	-47	-23	-13	23	-17	-33	cell = 552 to 559
39	-2	-28	7	8	5	-31	-77	cell = 560 to 567
-24	-10	-7	24	3	-37	-49	-49	cell = 568 to 575
-7	-4	-17	11	-10	-22	-18	-25	cell = 576 to 583
4	-29	-12	13	-60	-39	14	-13	cell = 584 to 591
-35	-35	-9	26	2	2	-19	-49	cell = 592 to 599
-46	-11	9	0	-7	-6	-48	-39	cell = 600 to 607
-24	-41	-19	-51	-24	-2	-20	-21	cell = 608 to 615
-3	0	-34	6	-20	5	-12	-26	cell = 616 to 623
8	-31	-59	7	-40	8	-6	-16	cell = 624 to 631
-2	-5	-42	41	-66	3	-49	-13	cell = 632 to 639
-8	-52	-19	11	-14	-27	-9	-42	cell = 640 to 647
-42	-60	-19	-39	0	-10	-66	-12	cell = 648 to 655
-41	-35	-40	-28	-6	-31	-44	7	cell = 656 to 663
-14	-15	-8	-23	-37	5	21	-33	cell = 664 to 671
10	-11	-31	-34	-3	5	-14	1	cell = 672 to 679
-19	-26	-14	20	-28	-39	-6	-10	cell = 680 to 687
-4	-30	-26	2	-11	-12	-36	-31	cell = 688 to 695
-19	32	34	9	-22	-43	-33	-16	cell = 696 to 703
-16	-20	-25	-14	11	-19	-42	-39	cell = 704 to 711
8	13	-63	35	0	-13	-29	-11	cell = 712 to 719
0	-35	-13	-20	-40	-20	0	-32	cell = 720 to 727
-24	-18	-18	-23	-2	-32	-45	-6	cell = 728 to 735
-13	-7	1	5	-58	30	7	8	cell = 736 to 743
-51	-29	-27	-2	-21	-26	-48	-18	cell = 744 to 751
-15	-44	-55	-22	-28	-3	-13	-6	cell = 752 to 759
-22	0	14	-12	12	16	-5	-15	cell = 760 to 767
3	21	-20	-23	-9	-21	-18	-15	cell = 768 to 775
-44	-45	-19	-25	-3	-18	-18	-6	cell = 776 to 783
-25	-30	7	-43	-63	14	-17	-6	cell = 784 to 791
-19	-52	-26	-49	-53	13	-27	-21	cell = 792 to 799
-19	-38	-12	-12	-12	-15	-16	-3	cell = 800 to 807
-60	12	17	-25	-12	5	-31	0	cell = 808 to 815
-15	-44	-27	-42	9	-28	-24	13	cell = 816 to 823
33	-25	-7	-59	-10	-4	-31	-50	cell = 824 to 831
-17	-38	-13	-39	-8	29	-32	-7	cell = 832 to 839
-33	12	-71	-26	-40	3	-58	-24	cell = 840 to 847
-3	7	-36	7	-15	-11	-26	-67	cell = 848 to 855
0	11	27	-19	-20	-19	17	-27	cell = 856 to 863
-72	2	7	5	-28	-18	-32	12	cell = 864 to 871
11	-19	-8	10	-24	-18	-23	-11	cell = 872 to 879
-38	-30	0	2	10	-33	-11	-37	cell = 880 to 887
-27	13	-14	-9	18	-21	9	31	cell = 888 to 895
-15	-11	-44	-2	-11	-35	-71	-37	cell = 896 to 903
-40	-42	-41	-8	-31	-39	-11	4	cell = 904 to 911
-32	-29	-14	-12	-5	-68	-29	-33	cell = 912 to 919
22	7	-15	-9	-46	-1	0	-12	cell = 920 to 927
-33	-19	-35	16	-11	-5	-24	12	cell = 928 to 935
16	-34	-43	-40	-22	-30	-39	-5	cell = 936 to 943
-17	-25	-35	2	-34	-39	28	-2	cell = 944 to 951
-15	-3	-27	-7	-18	-50	-33	30	cell = 952 to 959
11	-39	-16	0	-38	14	-60	2	cell = 960 to 967
-27	-6	-23	-26	-11	-55	-32	22	cell = 968 to 975
-4	1	-10	-2	6	21	-4	-24	cell = 976 to 983
-32	-34	-51	15	-48	-43	-19	-13	cell = 984 to 991
6	-38	-35	-67	-28	-23	-45	-11	cell = 992 to 999
20	-21	4	-2	-37	17	-32	13	cell = 1000 to 1007
-54	-29	-48	-4	-42	-9	-37	-31	cell = 1008 to 1015
14	-1	-3	-36	-22	-56	-23	-59	cell = 1016 to 1023
Calibration values from cell 0 to 1024 for channel 1:

69	5	56	14	38	-23	49	-34	cell = 0 to 7
44	-17	34	0	46	-11	51	-35	cell = 8 to 15
53	21	1	6	64	-5	21	-27	cell = 16 to 23
27	-8	21	2	6	19	39	19	cell = 24 to 31
43	-1	61	-49	17	-4	13	15	cell = 32 to 39
36	17	72	7	24	-6	56	-48	cell = 40 to 47
49	8	84	-10	47	-10	47	-14	cell = 48 to 55
51	-4	45	22	69	-32	67	-21	cell = 56 to 63
47	3	39	11	43	11	12	-8	cell = 64 to 71
20	13	7	34	23	-15	46	-31	cell = 72 to 79
74	-31	61	-4	76	-15	31	21	cell = 80 to 87
59	-1	44	-60	53	4	63	-41	cell = 88 to 95
70	11	38	-23	5	9	34	4	cell = 96 to 103
36	-7	32	-30	39	0	42	-23	cell = 104 to 111
49	-24	35	-38	17	-40	28	-28	cell = 112 to 119
20	-20	48	-1	31	-17	40	12	cell = 120 to 127
78	10	74	-24	55	-8	51	-8	cell = 128 to 135
15	-17	7	24	62	28	59	22	cell = 136 to 143
43	0	14	11	87	38	65	35	cell = 144 to 151
57	-26	64	-13	77	-19	26	18	cell = 152 to 159
73	0	26	-47	30	-14	30	-23	cell = 160 to 167
49	-25	50	13	27	-4	67	-4	cell = 168 to 175
22	13	51	7	41	0	52	13	cell = 176 to 183
34	-16	57	-21	40	32	19	-38	cell = 184 to 191
48	-41	39	2	24	3	38	-16	cell = 192 to 199
48	-3	7	-29	82	21	56	-21	cell = 200 to 207
41	11	48	6	70	18	87	-31	cell = 208 to 215
51	11	47	-31	56	-11	38	-13	cell = 216 to 223
88	-15	41	-10	50	-13	86	8	cell = 224 to 231
49	0	59	-21	58	-43	62	-21	cell = 232 to 239
84	-17	43	-37	21	19	22	9	cell = 240 to 247
69	15	51	-2	53	-17	69	16	cell = 248 to 255
16	7	19	-29	75	-27	66	-11	cell = 256 to 263
22	-27	47	-35	26	-5	78	-25	cell = 264 to 271
-7	0	57	-18	37	17	42	2	cell = 272 to 279
-2	-6	55	-17	72	-27	47	-8	cell = 280 to 287
44	-21	28	-11	46	-10	47	-3	cell = 288 to 295
63	-27	79	-1	59	-15	34	-16	cell = 296 to 303
74	0	64	2	72	2	71	-17	cell = 304 to 311
63	14	35	-61	96	0	54	-24	cell = 312 to 319
71	1	43	-31	59	-21	30	-9	cell = 320 to 327
39	23	41	-2	25	24	1	-16	cell = 328 to 335
5	-9	66	14	55	6	55	-16	cell = 336 to 343
51	-34	23	-34	64	-22	45	16	cell = 344 to 351
54	31	101	1	49	-46	56	-48	cell = 352 to 359
30	-27	60	-17	95	40	44	-2	cell = 360 to 367
84	-45	21	19	76	-9	36	1	cell = 368 to 375
31	10	6	-21	66	-16	69	-14	cell = 376 to 383
70	2	50	-13	18	-36	67	-3	cell = 384 to 391
26	-1	33	0	-2	-23	37	-30	cell = 392 to 399
71	4	16	-4	57	-3	46	-4	cell = 400 to 407
51	0	47	7	49	-32	34	8	cell = 408 to 415
100	24	8	-22	73	-45	58	22	cell = 416 to 423
32	46	48	6	24	-3	40	-29	cell = 424 to 431
27	5	57	-7	52	24	4	25	cell = 432 to 439
26	-1	20	-29	36	2	22	-5	cell = 440 to 447
13	-17	2	4	19	-15	35	-25	cell = 448 to 455
52	11	45	22	57	-16	35	32	cell = 456 to 463
64	-16	41	12	45	-10	57	0	cell = 464 to 471
33	-5	38	1	19	-27	62	-25	cell = 472 to 479
44	27	36	-11	64	-28	77	24	cell = 480 to 487
32	-10	48	10	42	0	33	-4	cell = 488 to 495
18	-10	-22	-108	-30	-70	-53	-73	cell = 496 to 503
39	-14	44	0	70	-42	39	-11	cell = 504 to 511
-41	-14	0	-35	-39	-35	-31	-31	cell = 512 to 519
-21	-36	-19	28	-26	-5	-22	-10	cell = 520 to 527
-12	5	-26	-6	-15	-5	-8	-17	cell = 528 to 535
-13	-48	-38	-16	0	-39	1	0	cell = 536 to 543
-25	-15	-30	-4	-18	-40	-14	6	cell = 544 to 551
-40	-7	-28	-46	-9	-32	-4	-13	cell = 552 to 559
-29	-4	-19	-10	-35	1	7	8	cell = 560 to 567
-24	-26	-4	-4	-1	-2	-16	21	cell = 568 to 575
5	-40	-32	-45	5	-59	-19	-27	cell = 576 to 583
-23	-55	-8	-23	2	-30	-31	7	cell = 584 to 591
-39	-33	-30	-9	-33	-46	26	-26	cell = 592 to 599
-19	7	-48	14	-20	-15	-9	-15	cell = 600 to 607
-45	-21	-46	-11	-11	-13	-29	-42	cell = 608 to 615
-3	-13	-40	-8	-56	-58	-9	-5	cell = 616 to 623
-11	-7	-12	-14	9	4	-10	2	cell = 624 to 631
8	12	-4	-15	-16	-27	-41	-2	cell = 632 to 639
-19	-3	-5	-56	-15	-23	-14	-21	cell = 640 to 647
-27	14	-18	19	-21	-19	22	-37	cell = 648 to 655
-38	-38	-13	-13	-27	-15	-13	-26	cell = 656 to 663
25	-14	-36	-7	-15	-14	-3	3	cell = 664 to 671
-46	-7	-16	-21	-41	23	-21	12	cell = 672 to 679
-21	-42	-7	-22	-19	12	9	7	cell = 680 to 687
26	-12	-48	-38	-28	-56	-13	-18	cell = 688 to 695
5	-17	-15	-35	6	-18	-51	-62	cell = 696 to 703
-26	-31	-46	-11	-17	-12	-6	-31	cell = 704 to 711
4	-30	-34	-14	-47	-11	-7	-5	cell = 712 to 719
0	-57	-20	-23	-20	-7	-30	0	cell = 720 to 727
-31	16	-34	-6	-15	-16	-21	-4	cell = 728 to 735
-16	-29	-27	5	-29	-26	13	-32	cell = 736 to 743
-43	-20	14	-34	4	-53	-21	0	cell = 744 to 751
-19	7	-33	-27	-6	-25	-38	1	cell = 752 to 759
-12	-25	-25	-21	-12	-32	-10	-42	cell = 760 to 767
0	-50	-68	-63	-20	-43	17	-36	cell = 768 to 775
36	-14	-8	-17	-16	9	-50	-5	cell = 776 to 783
19	5	-26	-30	-53	-6	-42	-7	cell = 784 to 791
-5	-28	-22	-21	-52	-27	-17	-68	cell = 792 to 799
-7	-54	-22	-63	8	-16	-5	-18	cell = 800 to 807
-22	-62	4	-23	-1	-52	-5	-3	cell = 808 to 815
6	-3	0	-47	-50	31	-34	9	cell = 816 to 823
-7	37	0	-33	-37	-17	-20	-7	cell = 824 to 831
-59	-2	-50	-61	-35	-16	-58	-6	cell = 832 to 839
0	-10	-10	-11	0	-51	5	-16	cell = 840 to 847
7	-29	-3	-40	-33	-24	21	-21	cell = 848 to 855
4	-23	-27	5	-17	11	-29	-27	cell = 856 to 863
-53	-63	-38	6	1	-19	-23	-10	cell = 864 to 871
47	-19	-27	-20	-54	-30	-14	-47	cell = 872 to 879
-8	-22	-10	-6	-15	-38	11	-32	cell = 880 to 887
-7	-51	-2	1	-4	-14	-25	-39	cell = 888 to 895
-25	-17	-14	-41	-2	-2	-11	-37	cell = 896 to 903
-44	6	-8	-5	-38	-35	-50	20	cell = 904 to 911
-7	-23	-36	-8	-22	-2	-41	-30	cell = 912 to 919
-38	-62	1	-11	-61	-38	-61	23	cell = 920 to 927
-49	-64	-38	-10	-16	-10	-27	-42	cell = 928 to 935
5	-20	-10	-9	-16	-34	-19	14	cell = 936 to 943
-2	-23	-43	4	-16	-7	-52	-4	cell = 944 to 951
-31	-2	-69	33	28	-32	-26	-12	cell = 952 to 959
-20	6	-33	-15	-38	5	-55	-11	cell = 960 to 967
-1	-34	5	-17	-56	1	-10	-18	cell = 968 to 975
-27	-27	-29	-33	-12	5	-16	-1	cell = 976 to 983
-9	-23	-5	-7	-15	1	5	14	cell = 984 to 991
-4	-30	-37	2	-46	-36	12	0	cell = 992 to 999
-56	-51	-35	1	6	-23	-33	6	cell = 1000 to 1007
-11	-11	-35	-1	-9	-7	-35	-39	cell = 1008 to 1015
-30	-16	-30	-39	-26	-23	-29	18	cell = 1016 to 1023
Calibration values from cell 0 to 1024 for channel 2:

56	-1	35	-45	24	-48	65	26	cell = 0 to 7
-11	-42	63	13	29	-16	47	-28	cell = 8 to 15
47	-5	27	3	18	-11	36	-3	cell = 16 to 23
19	0	57	36	59	-27	23	-40	cell = 24 to 31
35	-24	6	1	72	-5	36	14	cell = 32 to 39
30	9	91	-33	60	30	36	-8	cell = 40 to 47
57	-6	42	-10	12	-20	85	-33	cell = 48 to 55
54	-58	24	-37	53	12	2	-5	cell = 56 to 63
18	-4	31	-18	47	9	7	10	cell = 64 to 71
44	-4	63	-19	43	18	21	0	cell = 72 to 79
-10	-34	35	11	15	0	19	-7	cell = 80 to 87
22	-30	33	8	61	-5	23	-61	cell = 88 to 95
48	-37	29	16	36	25	76	-12	cell = 96 to 103
63	-38	35	4	49	1	55	-22	cell = 104 to 111
58	6	18	18	18	5	55	-38	cell = 112 to 119
22	30	43	-2	46	-10	60	-35	cell = 120 to 127
55	9	29	-26	4	-33	79	31	cell = 128 to 135
57	9	29	1	33	-2	14	25	cell = 136 to 143
35	-22	39	6	27	-9	31	-6	cell = 144 to 151
33	4	59	-52	49	3	18	-40	cell = 152 to 159
16	-51	22	-28	56	-1	79	-6	cell = 160 to 167
30	-18	52	25	37	12	47	-37	cell = 168 to 175
41	-11	56	-34	86	2	87	0	cell = 176 to 183
36	7	92	1	52	36	79	6	cell = 184 to 191
50	9	42	-27	56	2	35	-19	cell = 192 to 199
42	0	47	-13	50	11	5	-5	cell = 200 to 207
50	-4	28	19	71	-21	51	-32	cell = 208 to 215
75	1	60	15	42	19	22	6	cell = 216 to 223
29	12	31	-27	57	27	54	-10	cell = 224 to 231
60	-17	43	4	48	-6	23	-12	cell = 232 to 239
49	-38	86	13	50	11	48	41	cell = 240 to 247
17	-5	46	0	27	26	28	-48	cell = 248 to 255
74	23	15	-38	24	-12	35	-2	cell = 256 to 263
89	18	35	-44	46	27	42	-33	cell = 264 to 271
28	-54	54	7	35	-11	92	-13	cell = 272 to 279
56	6	60	15	87	-16	57	-18	cell = 280 to 287
10	-15	22	5	76	5	50	-24	cell = 288 to 295
28	-40	30	-10	39	-10	29	-13	cell = 296 to 303
39	7	49	18	51	-13	62	45	cell = 304 to 311
55	4	65	-17	8	2	21	-25	cell = 312 to 319
53	3	47	-3	15	-4	45	-21	cell = 320 to 327
33	-14	38	-11	9	-15	61	16	cell = 328 to 335
34	28	61	-21	52	7	54	-29	cell = 336 to 343
37	-29	40	-18	-5	3	63	-3	cell = 344 to 351
34	5	36	-20	54	16	46	4	cell = 352 to 359
31	6	31	-26	42	-26	11	5	cell = 360 to 367
32	14	37	-23	68	3	59	-40	cell = 368 to 375
43	5	52	24	6	0	63	-5	cell = 376 to 383
56	-26	27	-4	45	-29	49	19	cell = 384 to 391
40	-32	26	8	44	-6	58	-9	cell = 392 to 399
26	12	68	-6	45	-9	81	-10	cell = 400 to 407
20	-22	8	7	28	-47	53	56	cell = 408 to 415
54	6	75	16	52	-30	45	-22	cell = 416 to 423
65	3	49	-22	69	6	18	6	cell = 424 to 431
39	4	23	2	54	-14	65	-36	cell = 432 to 439
79	1	34	-26	49	27	30	0	cell = 440 to 447
42	-24	71	-3	47	1	22	-8	cell = 448 to 455
45	-29	44	19	64	-31	59	-20	cell = 456 to 463
57	-32	44	-7	37	-36	43	24	cell = 464 to 471
76	-29	56	24	45	-22	53	1	cell = 472 to 479
41	-21	70	-43	60	1	64	-78	cell = 480 to 487
78	-29	64	-18	42	1	56	-28	cell = 488 to 495
-9	8	-25	-118	-17	-46	-13	-109	cell = 496 to 503
72	0	60	-13	10	-5	9	-35	cell = 504 to 511
-12	-35	-33	-6	-21	-20	-38	-9	cell = 512 to 519
-37	-2	-25	-2	-16	3	24	-3	cell = 520 to 527
2	-45	-17	-52	19	-31	-13	-14	cell = 528 to 535
-3	-12	5	9	40	-5	-8	-33	cell = 536 to 543
-8	-38	-3	13	-30	28	-18	-21	cell = 544 to 551
-6	-12	7	9	7	0	-3	-13	cell = 552 to 559
19	-17	-30	13	-8	-26	14	-3	cell = 560 to 567
-18	-9	-40	-5	-23	-19	-72	-40	cell = 568 to 575
4	2	-53	-11	-34	-12	-5	-33	cell = 576 to 583
-68	-16	-24	-30	-16	-14	1	-23	cell = 584 to 591
-19	-31	-28	-27	-11	-42	-19	33	cell = 592 to 599
-47	26	3	-28	-13	-28	-17	-16	cell = 600 to 607
-32	15	-6	22	-10	-36	18	3	cell = 608 to 615
2	-40	-32	-12	-9	-8	-15	-12	cell = 616 to 623
-29	-27	2	-15	-35	-7	-13	-40	cell = 624 to 631
-9	3	-31	-41	-51	-21	-16	-36	cell = 632 to 639
-30	-20	-15	-40	-7	-5	-50	-31	cell = 640 to 647
-28	4	10	-5	24	-13	-13	-15	cell = 648 to 655
-38	-17	-11	-64	-44	-42	-26	-3	cell = 656 to 663
0	-12	-14	-14	17	-29	-39	-28	cell = 664 to 671
-4	-15	-6	14	11	11	13	-25	cell = 672 to 679
-10	15	-41	-24	-36	0	-38	48	cell = 680 to 687
10	39	-14	-44	0	-35	-25	-24	cell = 688 to 695
-15	24	-11	-26	-32	-28	-35	-1	cell = 696 to 703
-41	-17	-2	-31	-33	-13	-38	-53	cell = 704 to 711
-16	-54	9	-4	-9	-24	-33	-30	cell = 712 to 719
-26	-35	-32	-11	-51	-11	26	30	cell = 720 to 727
-8	-4	-37	0	-44	-21	-22	-28	cell = 728 to 735
-41	-12	-4	-29	-11	-23	1	-6	cell = 736 to 743
-24	-17	-2	-20	-29	-8	-21	-15	cell = 744 to 751
36	-2	5	-77	-38	-40	-39	-14	cell = 752 to 759
-35	-20	-1	2	-49	-30	-49	-14	cell = 760 to 767
1	-39	-11	-51	-34	-25	-32	3	cell = 768 to 775
-15	-31	15	0	-50	3	-49	-14	cell = 776 to 783
26	-8	-7	-48	-18	-1	-21	-10	cell = 784 to 791
-20	-20	-44	-19	-34	-42	-38	-24	cell = 792 to 799
-16	-9	-42	-8	31	24	3	-22	cell = 800 to 807
-3	-40	-27	-23	-2	-6	-6	-43	cell = 808 to 815
13	-4	-15	-14	-23	8	1	6	cell = 816 to 823
-11	-21	-8	-1	-31	-36	3	9	cell = 824 to 831
-65	-40	-8	-19	-12	14	-16	-21	cell = 832 to 839
7	-28	-59	-21	-5	-37	0	-27	cell = 840 to 847
-50	-12	20	7	-18	-57	-34	-9	cell = 848 to 855
-27	3	-31	-42	-17	-43	-19	-26	cell = 856 to 863
-48	-30	-27	-1	-27	-23	-12	-9	cell = 864 to 871
-64	-19	-13	-2	-2	3	1	-54	cell = 872 to 879
-15	-11	-37	-39	-35	-26	-33	-29	cell = 880 to 887
-14	-7	-28	-11	-14	-42	-42	-26	cell = 888 to 895
-11	-22	-20	-2	-18	-24	41	-5	cell = 896 to 903
-32	-28	-44	23	13	-18	-12	15	cell = 904 to 911
-27	-33	-6	9	-32	1	-1	0	cell = 912 to 919
-18	3	2	-34	-7	-22	-31	-39	cell = 920 to 927
-25	-21	-34	-4	-28	-23	10	38	cell = 928 to 935
-33	-15	41	19	-17	-30	-21	-21	cell = 936 to 943
-45	-2	-31	19	-78	-10	-14	-37	cell = 944 to 951
-28	-30	-53	-47	-25	-51	-22	-40	cell = 952 to 959
4	-57	-23	-34	-37	-18	-10	-28	cell = 960 to 967
-56	-20	9	-24	-63	-41	5	34	cell = 968 to 975
-52	-62	-42	3	-21	-46	-2	-22	cell = 976 to 983
10	-38	-56	-31	9	-3	-6	-4	cell = 984 to 991
-38	-18	-26	-25	-6	-45	3	-29	cell = 992 to 999
-62	-39	-19	-24	-37	-30	-25	-5	cell = 1000 to 1007
16	-5	-55	-52	18	-3	-27	-24	cell = 1008 to 1015
-13	-3	-13	13	-1	-39	-11	-21	cell = 1016 to 1023
Calibration values from cell 0 to 1024 for channel 3:

37	1	64	0	57	-8	82	-16	cell = 0 to 7
24	29	50	-16	76	-34	34	1	cell = 8 to 15
66	-9	25	-40	42	-20	36	-9	cell = 16 to 23
58	-10	24	-3	46	-21	14	-14	cell = 24 to 31
21	29	26	-20	45	-10	53	-11	cell = 32 to 39
34	2	32	6	26	-20	23	-35	cell = 40 to 47
37	-9	18	-27	2	9	54	3	cell = 48 to 55
15	-9	18	18	52	17	68	10	cell = 56 to 63
54	-5	25	-12	-30	-24	33	-13	cell = 64 to 71
93	2	77	-41	37	-9	43	5	cell = 72 to 79
53	-10	41	-6	36	-24	63	10	cell = 80 to 87
54	-13	37	32	57	-19	22	-4	cell = 88 to 95
5	-19	23	-26	30	0	65	-50	cell = 96 to 103
62	-33	85	1	64	29	48	-14	cell = 104 to 111
5	2	73	-18	29	16	35	-42	cell = 112 to 119
33	-21	57	-4	54	-6	66	-60	cell = 120 to 127
51	13	19	-27	52	-32	26	30	cell = 128 to 135
35	27	35	-49	46	-7	18	6	cell = 136 to 143
11	8	23	16	34	28	37	17	cell = 144 to 151
57	11	22	-8	35	6	85	5	cell = 152 to 159
64	2	59	10	35	5	19	-10	cell = 160 to 167
57	-31	28	-13	33	-20	44	-51	cell = 168 to 175
79	-36	23	26	66	-23	34	-50	cell = 176 to 183
55	10	44	-9	38	33	39	2	cell = 184 to 191
20	9	55	-17	51	10	54	6	cell = 192 to 199
-28	-5	61	15	45	-5	57	-3	cell = 200 to 207
27	-8	73	38	65	0	80	-20	cell = 208 to 215
35	13	22	-31	63	31	27	-50	cell = 216 to 223
56	-29	65	28	45	16	60	19	cell = 224 to 231
39	4	56	-12	58	-28	13	15	cell = 232 to 239
45	-18	27	-15	38	-23	39	0	cell = 240 to 247
41	36	72	-10	52	4	44	-50	cell = 248 to 255
40	5	36	0	109	-11	63	-32	cell = 256 to 263
26	-30	46	-21	37	-13	46	-18	cell = 264 to 271
73	1	55	-15	46	-33	34	27	cell = 272 to 279
52	-6	64	-53	35	-15	68	13	cell = 280 to 287
37	-3	39	-4	32	0	13	-6	cell = 288 to 295
67	-31	59	-20	23	13	88	3	cell = 296 to 303
35	7	39	-41	79	11	1	-19	cell = 304 to 311
23	18	62	6	51	-48	20	-29	cell = 312 to 319
33	-16	40	-8	56	-12	39	2	cell = 320 to 327
61	28	31	-12	59	-13	60	-1	cell = 328 to 335
25	-9	65	2	49	-3	48	-23	cell = 336 to 343
51	27	36	-2	44	-9	59	-32	cell = 344 to 351
31	-8	19	-43	41	-36	77	-21	cell = 352 to 359
45	-27	21	27	31	-25	2	11	cell = 360 to 367
47	-8	85	28	51	-1	66	48	cell = 368 to 375
63	-10	48	-16	29	-8	46	-52	cell = 376 to 383
21	-29	26	-31	24	-7	39	-29	cell = 384 to 391
60	14	23	-66	33	2	-6	-2	cell = 392 to 399
64	16	45	-2	25	31	46	-22	cell = 400 to 407
26	31	24	-14	70	-2	25	-46	cell = 408 to 415
25	4	46	1	29	17	41	19	cell = 416 to 423
48	-20	33	-5	60	17	67	12	cell = 424 to 431
39	-16	32	-8	32	25	44	7	cell = 432 to 439
41	7	42	15	28	-38	24	7	cell = 440 to 447
-2	1	84	-35	40	-10	30	27	cell = 448 to 455
26	-8	71	5	33	-31	28	-24	cell = 456 to 463
65	-22	21	-24	109	31	50	2	cell = 464 to 471
12	-6	70	8	45	-4	4	-4	cell = 472 to 479
39	10	42	12	68	5	59	0	cell = 480 to 487
13	9	94	-9	84	38	66	-6	cell = 488 to 495
30	-4	-41	-91	-37	-62	-32	-74	cell = 496 to 503
17	12	36	5	-4	-37	41	13	cell = 504 to 511
12	-22	-32	-12	-36	-53	-9	-15	cell = 512 to 519
-53	-38	-11	3	-11	-24	-41	-24	cell = 520 to 527
-25	-28	-21	-5	-8	-41	-21	-18	cell = 528 to 535
-25	11	-14	-48	-16	-42	9	17	cell = 536 to 543
-56	12	-20	-15	6	-26	-27	-40	cell = 544 to 551
-9	-40	-14	-20	-1	-46	20	33	cell = 552 to 559
-10	-43	-20	3	-53	-21	-68	3	cell = 560 to 567
-5	-46	-33	-10	-27	-19	-26	-23	cell = 568 to 575
-37	-25	-35	-14	-47	-10	-32	-31	cell = 576 to 583
-31	-32	-36	-3	-39	-12	-64	-5	cell = 584 to 591
-45	-38	-26	-49	-40	-55	-2	-13	cell = 592 to 599
-2	7	-16	-26	-2	12	-23	-6	cell = 600 to 607
-25	-40	-41	-12	-14	-42	-35	-36	cell = 608 to 615
4	8	-20	-23	-12	3	-12	-53	cell = 616 to 623
-51	-15	5	-16	-29	-14	-29	-22	cell = 624 to 631
-28	-61	-25	38	26	-1	-31	8	cell = 632 to 639
-27	21	-10	-23	6	4	-3	-37	cell = 640 to 647
-27	10	-28	-17	-39	-28	-12	-35	cell = 648 to 655
12	-1	17	8	5	11	-43	0	cell = 656 to 663
-4	-33	25	21	-11	-33	24	-51	cell = 664 to 671
11	-36	-5	-43	-14	20	-12	-32	cell = 672 to 679
-19	-53	-25	-7	18	-41	-34	-9	cell = 680 to 687
-36	-45	-30	1	-34	-26	2	0	cell = 688 to 695
-33	-9	-6	-39	-4	-34	-28	-25	cell = 696 to 703
-42	-26	-15	0	-6	-28	-20	-37	cell = 704 to 711
6	1	27	-2	-18	5	-27	-16	cell = 712 to 719
4	19	-24	-5	-32	3	-47	-28	cell = 720 to 727
-1	-32	-14	8	-18	-21	-28	-51	cell = 728 to 735
-8	-5	15	-10	-9	-8	-51	-15	cell = 736 to 743
-57	14	-26	-52	0	-65	3	-29	cell = 744 to 751
-23	-13	-34	-25	-3	-14	-10	-24	cell = 752 to 759
0	-3	-31	-7	-28	49	14	4	cell = 760 to 767
-43	-32	-31	-36	-39	-39	-50	-2	cell = 768 to 775
-46	0	13	-3	-22	-40	-28	-37	cell = 776 to 783
-45	3	-46	-32	-59	-8	11	-34	cell = 784 to 791
-2	-15	3	-15	-34	-43	-40	1	cell = 792 to 799
-32	-29	-25	0	-20	-64	-4	26	cell = 800 to 807
-19	-12	3	0	-41	-12	18	6	cell = 808 to 815
-34	-2	-16	-18	-27	-4	-29	4	cell = 816 to 823
-16	-15	-35	-38	-9	7	10	-12	cell = 824 to 831
-46	12	-5	1	-30	-22	-28	-33	cell = 832 to 839
-13	-43	-29	10	-16	-15	11	-22	cell = 840 to 847
1	-10	-40	16	-1	-6	-59	-28	cell = 848 to 855
-28	-11	21	-7	-14	-13	-29	-19	cell = 856 to 863
-10	-42	-26	11	8	-52	-45	-2	cell = 864 to 871
-42	-22	-11	-7	12	-6	-10	-34	cell = 872 to 879
-11	-45	23	-13	-41	12	-6	10	cell = 880 to 887
0	0	-15	-56	-20	-13	-36	7	cell = 888 to 895
3	-38	-11	-32	4	-21	-70	-6	cell = 896 to 903
23	-19	-15	-52	-45	-18	43	-35	cell = 904 to 911
-9	-15	-37	-31	-32	-18	21	-4	cell = 912 to 919
14	-45	-2	-22	3	-23	-14	-4	cell = 920 to 927
-5	14	3	-6	-31	-17	-21	-71	cell = 928 to 935
-35	-39	33	-42	-25	45	-39	0	cell = 936 to 943
30	1	-32	-21	-9	4	-22	7	cell = 944 to 951
-40	-26	-24	-35	-2	-7	-17	-33	cell = 952 to 959
-16	2	10	-8	3	8	-50	-6	cell = 960 to 967
-10	-25	-12	-13	-32	-20	-19	-20	cell = 968 to 975
-66	-13	-25	-23	17	0	-57	0	cell = 976 to 983
-29	17	-49	-10	-28	-43	-46	-40	cell = 984 to 991
-26	-5	21	-35	-38	7	-10	-26	cell = 992 to 999
-23	-30	-29	-9	15	-28	-18	-38	cell = 1000 to 1007
-52	-34	-14	10	-40	-15	-24	-29	cell = 1008 to 1015
-35	-26	-30	-12	-18	-9	-39	-27	cell = 1016 to 1023
Calibration values from cell 0 to 1024 for channel 4:

35	-33	55	7	28	5	46	-22	cell = 0 to 7
39	6	39	16	37	-3	40	-9	cell = 8 to 15
34	0	69	-58	4	-9	34	-18	cell = 16 to 23
35	-3	44	-20	75	2	46	-46	cell = 24 to 31
19	-4	78	-18	44	-29	68	-23	cell = 32 to 39
63	-28	46	-22	58	-25	34	-7	cell = 40 to 47
83	11	31	-5	70	17	54	-5	cell = 48 to 55
24	-42	4	8	36	-28	60	3	cell = 56 to 63
55	-9	38	-15	41	-29	70	-29	cell = 64 to 71
49	-7	-2	0	46	-31	49	-30	cell = 72 to 79
44	45	74	16	44	-8	57	-6	cell = 80 to 87
25	-14	66	7	27	-20	24	-30	cell = 88 to 95
48	-24	21	7	23	-2	30	-19	cell = 96 to 103
47	-4	31	-24	41	-9	38	5	cell = 104 to 111
33	7	31	-47	39	12	15	1	cell = 112 to 119
50	-39	36	-34	33	-39	50	-32	cell = 120 to 127
56	-37	36	-61	48	7	23	-3	cell = 128 to 135
41	-37	23	-27	60	-23	37	-19	cell = 136 to 143
29	-7	50	-17	52	8	80	-5	cell = 144 to 151
75	-29	58	-42	35	-6	15	8	cell = 152 to 159
18	36	81	-8	78	-36	62	-5	cell = 160 to 167
96	20	45	-25	83	-4	91	-35	cell = 168 to 175
56	3	86	4	61	-10	26	-11	cell = 176 to 183
-6	15	37	-23	52	6	35	-45	cell = 184 to 191
22	-49	43	-2	36	-7	83	-19	cell = 192 to 199
36	-7	27	-28	22	1	57	-62	cell = 200 to 207
62	-19	79	-50	59	-2	12	-13	cell = 208 to 215
53	-39	65	-25	34	11	24	-21	cell = 216 to 223
60	-36	59	-26	54	-15	27	-17	cell = 224 to 231
6	3	18	-35	53	0	24	-13	cell = 232 to 239
48	26	32	-19	42	-25	64	13	cell = 240 to 247
92	17	45	-19	38	42	42	-2	cell = 248 to 255
57	7	33	25	44	-19	72	19	cell = 256 to 263
63	5	34	-12	80	5	56	-42	cell = 264 to 271
57	-21	60	10	116	-3	55	-16	cell = 272 to 279
9	-8	72	5	71	11	16	-17	cell = 280 to 287
62	-21	22	-4	48	-21	55	13	cell = 288 to 295
38	5	38	2	59	2	73	-15	cell = 296 to 303
57	4	31	-55	43	-28	31	-15	cell = 304 to 311
69	-41	49	11	45	10	68	11	cell = 312 to 319
72	-26	50	-17	40	-13	69	14	cell = 320 to 327
63	-36	26	16	77	-4	64	-34	cell = 328 to 335
72	3	43	-11	46	-39	71	9	cell = 336 to 343
46	-10	49	-19	41	-31	54	-27	cell = 344 to 351
16	13	52	5	58	7	55	2	cell = 352 to 359
43	-13	36	5	64	-20	37	-5	cell = 360 to 367
48	-4	55	-12	89	-28	20	27	cell = 368 to 375
29	-37	57	-9	18	-45	35	-8	cell = 376 to 383
46	-37	31	-5	72	-34	63	-6	cell = 384 to 391
25	-18	49	-51	42	-1	46	-3	cell = 392 to 399
75	10	67	-16	62	-2	82	14	cell = 400 to 407
61	21	55	-20	35	-10	10	5	cell = 408 to 415
28	-7	19	-14	102	-3	53	-28	cell = 416 to 423
75	18	65	-5	52	-16	61	12	cell = 424 to 431
-15	-28	57	5	25	-15	54	-32	cell = 432 to 439
37	-7	32	-19	16	-28	8	11	cell = 440 to 447
31	-52	57	-29	32	-24	33	-12	cell = 448 to 455
69	11	24	-36	69	-13	15	-8	cell = 456 to 463
51	-8	54	17	28	-2	33	-23	cell = 464 to 471
38	6	88	-7	22	16	53	0	cell = 472 to 479
35	-24	58	-5	63	30	48	-23	cell = 480 to 487
28	-7	67	-12	44	-10	25	-14	cell = 488 to 495
71	-35	-39	-79	-9	-88	-19	-100	cell = 496 to 503
60	-10	40	-52	27	-27	30	-7	cell = 504 to 511
8	-51	2	-14	-45	-61	-71	1	cell = 512 to 519
-45	-39	-31	-25	-42	-23	-35	-6	cell = 520 to 527
-28	12	-7	2	0	-38	-18	-10	cell = 528 to 535
-22	-9	-6	-18	-36	15	25	-2	cell = 536 to 543
-13	9	-3	-49	-9	-15	-2	-12	cell = 544 to 551
-7	-3	3	-10	16	-37	-2	13	cell = 552 to 559
27	-9	-20	-53	9	-43	-9	-30	cell = 560 to 567
5	-34	-33	-22	-22	2	-55	-19	cell = 568 to 575
-26	-46	-10	-29	-16	16	-20	-30	cell = 576 to 583
-11	-12	-5	0	-17	-56	-13	-33	cell = 584 to 591
13	-39	-42	-23	-15	-14	-18	-23	cell = 592 to 599
10	6	6	-37	37	-25	9	-32	cell = 600 to 607
-7	-50	-29	-23	-22	-38	-40	-10	cell = 608 to 615
-33	-52	-32	-32	-11	-46	-29	22	cell = 616 to 623
-23	-19	6	-13	-2	-15	-29	2	cell = 624 to 631
-38	-25	-40	-48	5	-16	-8	-22	cell = 632 to 639
-10	-21	-22	-12	-12	10	-26	10	cell = 640 to 647
-21	-6	2	-12	-20	-26	-36	-2	cell = 648 to 655
-22	-64	5	-9	-55	16	-13	-37	cell = 656 to 663
13	-41	-22	-7	31	25	-14	-12	cell = 664 to 671
44	-53	-10	-44	27	-28	-5	-27	cell = 672 to 679
-4	-28	1	-15	-28	-32	-30	-29	cell = 680 to 687
-11	-14	-8	-37	-53	-30	8	-6	cell = 688 to 695
-29	54	-51	-46	-30	-19	23	-3	cell = 696 to 703
1	5	-78	10	-40	-22	-27	-2	cell = 704 to 711
20	-5	-33	-12	41	-18	-27	11	cell = 712 to 719
-14	-21	12	7	-2	-37	-21	-24	cell = 720 to 727
-38	-21	9	-7	-15	-19	-17	3	cell = 728 to 735
-26	-28	-17	-21	-14	-51	-53	-11	cell = 736 to 743
-30	-28	-52	-47	-22	-2	-30	-17	cell = 744 to 751
-27	-33	31	-25	17	-23	-37	-6	cell = 752 to 759
-44	-41	-6	-39	-36	-51	0	4	cell = 760 to 767
1	-15	-22	-4	-23	-29	-1	6	cell = 768 to 775
-42	20	24	9	16	-49	28	-67	cell = 776 to 783
19	-21	3	-29	-35	16	-14	-20	cell = 784 to 791
-19	-31	-19	-65	0	-13	-61	-8	cell = 792 to 799
3	-38	-24	-31	-36	21	-25	4	cell = 800 to 807
-26	12	-15	-4	-2	-19	-60	-20	cell = 808 to 815
19	-47	-3	-22	-17	14	-34	-16	cell = 816 to 823
-30	-27	-43	-44	-10	-8	-40	-22	cell = 824 to 831
-17	7	-63	43	-14	-7	-41	-3	cell = 832 to 839
3	-14	-9	15	3	-2	-55	-29	cell = 840 to 847
18	-29	-56	-31	2	-36	5	-1	cell = 848 to 855
6	2	-23	-1	-32	-16	-6	-14	cell = 856 to 863
-9	-24	-33	-52	-5	-48	-15	-4	cell = 864 to 871
-8	0	-8	-25	-19	2	-48	-28	cell = 872 to 879
5	-23	-42	21	-25	-8	-7	-23	cell = 880 to 887
-39	-32	-36	10	-10	-47	-19	-22	cell = 888 to 895
-11	-21	26	1	-57	-57	5	-27	cell = 896 to 903
18	-59	-31	-48	15	-31	16	0	cell = 904 to 911
-7	-15	-45	-26	-3	-52	-20	3	cell = 912 to 919
-12	44	-53	-33	-10	-26	-41	0	cell = 920 to 927
-17	6	-33	-6	3	17	-35	-3	cell = 928 to 935
-31	-32	-40	-2	9	-1	-17	-19	cell = 936 to 943
-29	-18	-54	-8	-24	12	-11	-14	cell = 944 to 951
-50	-34	-20	0	-11	-14	25	-37	cell = 952 to 959
-15	-14	-30	-45	-1	-48	12	-26	cell = 960 to 967
-10	-23	-14	0	11	-46	-33	-52	cell = 968 to 975
14	-47	22	6	28	-29	-22	0	cell = 976 to 983
-28	0	-32	3	-1	-12	-14	-25	cell = 984 to 991
0	-53	-33	-15	-40	4	-28	-8	cell = 992 to 999
-47	-33	16	17	-37	-42	-40	-11	cell = 1000 to 1007
-19	-26	-55	-64	-8	-12	21	-56	cell = 1008 to 1015
12	-18	-27	-48	-24	-42	-8	0	cell = 1016 to 1023
Calibration values from cell 0 to 1024 for channel 5:

17	-9	37	-33	36	-47	47	-37	cell = 0 to 7
27	6	39	12	9	-15	56	-21	cell = 8 to 15
36	29	34	-3	32	-29	18	-40	cell = 16 to 23
56	20	23	-3	40	6	69	-49	cell = 24 to 31
31	-14	57	-39	43	-21	39	-24	cell = 32 to 39
67	-48	77	-59	65	-19	26	-29	cell = 40 to 47
15	12	57	-31	46	3	81	40	cell = 48 to 55
4	-3	79	-55	51	-34	38	-49	cell = 56 to 63
37	-21	68	-7	17	-8	34	9	cell = 64 to 71
44	4	40	-6	4	8	44	-28	cell = 72 to 79
37	-24	57	-13	53	-11	51	-11	cell = 80 to 87
49	23	58	30	30	-6	46	1	cell = 88 to 95
38	-36	24	27	75	-43	11	-15	cell = 96 to 103
74	4	48	13	43	0	77	3	cell = 104 to 111
11	10	91	-20	39	-10	16	-14	cell = 112 to 119
67	-36	60	-14	28	48	10	-1	cell = 120 to 127
26	32	53	6	13	-44	64	-25	cell = 128 to 135
51	-28	56	5	36	-68	98	-5	cell = 136 to 143
32	-5	55	-5	34	11	36	-45	cell = 144 to 151
8	-12	34	-54	43	0	62	-27	cell = 152 to 159
55	14	52	-33	21	33	73	-44	cell = 160 to 167
90	23	33	-3	2	-33	29	35	cell = 168 to 175
77	10	39	-21	37	-37	44	0	cell = 176 to 183
73	1	43	10	45	-24	61	-7	cell = 184 to 191
50	-20	95	2	44	-13	43	-15	cell = 192 to 199
38	1	27	9	20	-22	64	-15	cell = 200 to 207
35	0	24	-62	33	7	23	-21	cell = 208 to 215
99	19	83	-22	46	-10	4	-5	cell = 216 to 223
45	-7	54	27	86	12	24	-1	cell = 224 to 231
62	-2	42	-26	69	-35	68	25	cell = 232 to 239
77	8	41	9	73	-14	26	-9	cell = 240 to 247
61	-3	32	-6	75	-28	47	-5	cell = 248 to 255
48	2	-1	1	71	-28	55	-26	cell = 256 to 263
66	-11	78	-28	40	-28	63	0	cell = 264 to 271
4	-5	68	-5	96	-7	51	-25	cell = 272 to 279
71	-30	53	6	56	-9	75	5	cell = 280 to 287
75	42	32	-5	36	-11	45	-19	cell = 288 to 295
67	-19	58	-20	32	-12	77	-6	cell = 296 to 303
38	-9	55	-29	33	-48	89	4	cell = 304 to 311
60	24	76	35	72	26	12	-12	cell = 312 to 319
9	-11	23	4	33	-10	40	-25	cell = 320 to 327
12	-8	32	-28	48	0	61	-51	cell = 328 to 335
68	-53	22	-25	60	-1	35	24	cell = 336 to 343
39	-6	40	8	71	4	65	-1	cell = 344 to 351
20	-43	58	-23	57	7	26	25	cell = 352 to 359
48	-2	39	19	33	-10	62	-34	cell = 360 to 367
46	-23	77	-34	31	-30	26	13	cell = 368 to 375
52	9	79	-27	45	-28	69	-34	cell = 376 to 383
24	-9	48	-37	73	1	79	6	cell = 384 to 391
58	-4	45	-12	51	-13	75	-25	cell = 392 to 399
47	-56	83	44	11	-23	40	-8	cell = 400 to 407
36	2	67	-2	82	-25	58	-22	cell = 408 to 415
71	-29	56	3	59	-2	68	-2	cell = 416 to 423
60	-12	39	15	46	10	67	-2	cell = 424 to 431
61	-36	17	6	47	-33	62	24	cell = 432 to 439
75	-14	46	12	24	-13	71	-42	cell = 440 to 447
61	10	59	4	19	6	6	-12	cell = 448 to 455
58	-53	85	-9	5	-23	25	18	cell = 456 to 463
55	-20	86	-16	13	16	40	11	cell = 464 to 471
16	-11	37	-19	63	-15	8	-14	cell = 472 to 479
29	-25	58	21	54	32	57	44	cell = 480 to 487
46	3	29	-18	18	-11	57	-5	cell = 488 to 495
43	19	-6	-118	-2	-72	-14	-83	cell = 496 to 503
90	-32	35	-32	35	16	82	15	cell = 504 to 511
-59	10	-21	-34	-10	-55	-54	-18	cell = 512 to 519
-7	0	-36	-28	9	1	-20	0	cell = 520 to 527
-7	0	0	8	1	-12	36	-24	cell = 528 to 535
-28	-7	-28	32	-21	-50	-18	-4	cell = 536 to 543
-13	-28	-20	0	-25	-51	1	-5	cell = 544 to 551
-19	2	0	-20	-67	-36	-25	-39	cell = 552 to 559
-17	-49	28	-18	-43	-55	-5	6	cell = 560 to 567
-41	-11	-18	-23	-45	-2	-12	-26	cell = 568 to 575
-30	-9	5	1	-40	-40	-27	-10	cell = 576 to 583
-15	-10	-14	-25	27	-56	-7	-30	cell = 584 to 591
-17	-30	-36	-48	27	11	-21	-39	cell = 592 to 599
-23	22	22	-25	-26	-30	11	2	cell = 600 to 607
-12	6	-20	-3	-23	8	17	-32	cell = 608 to 615
-12	-39	30	-10	-8	-55	-3	-18	cell = 616 to 623
-49	-7	-16	-1	-22	-55	-12	-39	cell = 624 to 631
-26	-10	3	-57	-16	9	3	-49	cell = 632 to 639
-34	-25	-9	-13	24	-26	-27	-17	cell = 640 to 647
-27	-27	-19	-44	32	-11	-10	17	cell = 648 to 655
-18	-46	3	-8	-28	8	-12	-17	cell = 656 to 663
-3	-34	-38	3	-1	-36	-12	-36	cell = 664 to 671
-46	-21	-46	-39	-1	0	-54	-51	cell = 672 to 679
9	-37	-15	-22	-3	-2	-61	18	cell = 680 to 687
0	-27	-21	1	-15	-16	-32	-18	cell = 688 to 695
-8	-51	-13	-25	-18	-22	-17	-36	cell = 696 to 703
8	-1	-49	-45	-17	-72	-32	-19	cell = 704 to 711
2	-19	-23	1	-33	15	-31	-35	cell = 712 to 719
-11	0	3	-32	2	-1	-25	-38	cell = 720 to 727
-39	-24	-18	-10	-24	-28	-8	-66	cell = 728 to 735
-30	14	-15	-5	5	-50	-18	-47	cell = 736 to 743
-6	8	-20	-16	16	-20	-11	-15	cell = 744 to 751
9	-5	-31	-34	1	-30	-17	-6	cell = 752 to 759
-15	-70	-36	-43	-13	-49	-28	-31	cell = 760 to 767
-2	13	-19	-49	-20	-75	-26	-23	cell = 768 to 775
3	11	-55	-15	-30	13	-4	-28	cell = 776 to 783
-13	-15	-40	-48	-20	-52	-26	-18	cell = 784 to 791
-40	-35	2	10	-6	-12	-14	3	cell = 792 to 799
-12	5	8	-9	-36	10	-23	-13	cell = 800 to 807
-13	-17	-54	-42	2	-23	-23	18	cell = 808 to 815
-21	-34	-47	-6	-14	-27	-25	-38	cell = 816 to 823
-43	10	4	-30	-12	-2	23	-56	cell = 824 to 831
-36	-5	-6	-36	-16	-16	-3	-18	cell = 832 to 839
9	16	13	-31	17	-28	-31	-33	cell = 840 to 847
-11	-23	-3	-43	-40	-9	4	-20	cell = 848 to 855
-48	-46	20	4	-29	-4	-64	-42	cell = 856 to 863
-22	22	-7	-20	-39	-26	-18	-46	cell = 864 to 871
-31	-31	-12	-14	-43	-56	-33	7	cell = 872 to 879
-5	-11	-25	-52	-21	-16	-53	-27	cell = 880 to 887
-13	-38	-28	0	-42	-46	-25	-6	cell = 888 to 895
-13	-3	-29	-62	-24	-18	23	-18	cell = 896 to 903
-21	-36	-2	-24	-2	-14	-41	-40	cell = 904 to 911
0	-3	-57	-23	-12	-3	-8	-34	cell = 912 to 919
-40	-39	-33	-22	-30	-53	-14	-25	cell = 920 to 927
5	-25	-8	-79	-11	-44	41	-20	cell = 928 to 935
-38	15	-8	-29	21	-10	-42	27	cell = 936 to 943
-5	0	15	3	38	-16	5	-31	cell = 944 to 951
12	-35	-14	-54	-44	-4	-25	-25	cell = 952 to 959
-15	-9	18	-27	0	-29	-27	-40	cell = 960 to 967
-3	-21	-38	-2	-10	-25	-3	43	cell = 968 to 975
-2	-37	-24	-63	6	-36	-28	-12	cell = 976 to 983
-28	-46	-23	-41	24	-33	-6	-19	cell = 984 to 991
-16	-35	-25	-30	6	-16	0	-25	cell = 992 to 999
-9	-17	18	5	13	-53	-10	-50	cell = 1000 to 1007
7	-60	-10	-5	-34	-17	-54	-39	cell = 1008 to 1015
-23	-55	-12	-28	-51	-17	-41	-12	cell = 1016 to 1023
Calibration values from cell 0 to 1024 for channel 6:

8	12	38	-24	59	-11	45	-8	cell = 0 to 7
72	-31	55	-18	41	-19	27	0	cell = 8 to 15
21	-25	61	8	58	-19	52	-33	cell = 16 to 23
64	-12	52	22	36	24	48	-15	cell = 24 to 31
-11	15	58	-1	34	-14	33	0	cell = 32 to 39
48	-6	70	-63	19	2	54	-24	cell = 40 to 47
58	36	21	-14	40	3	39	-8	cell = 48 to 55
49	-5	71	-16	13	10	39	4	cell = 56 to 63
45	-33	52	-2	69	11	66	-2	cell = 64 to 71
49	-13	71	-5	46	-7	45	28	cell = 72 to 79
70	22	40	15	64	-17	40	9	cell = 80 to 87
15	18	49	-26	44	-4	18	-12	cell = 88 to 95
43	-5	70	15	91	-52	41	-18	cell = 96 to 103
51	14	45	-20	52	-9	20	11	cell = 104 to 111
64	-35	43	-10	57	20	71	-8	cell = 112 to 119
22	-4	47	3	36	-7	28	42	cell = 120 to 127
24	24	44	-24	85	23	37	-47	cell = 128 to 135
39	19	52	-30	51	-35	71	5	cell = 136 to 143
44	-28	65	-28	21	-42	65	9	cell = 144 to 151
16	-34	20	-19	8	4	57	4	cell = 152 to 159
26	-47	35	-43	62	3	46	-9	cell = 160 to 167
59	6	47	-33	27	-15	27	-2	cell = 168 to 175
42	7	43	2	40	-20	46	-36	cell = 176 to 183
44	-13	34	0	33	-10	48	-24	cell = 184 to 191
66	9	15	-31	32	-8	52	-22	cell = 192 to 199
63	11	46	-18	65	-25	40	-27	cell = 200 to 207
37	-54	29	-32	70	-3	67	-28	cell = 208 to 215
26	-50	61	-37	12	-45	46	0	cell = 216 to 223
21	-2	60	-15	35	28	57	29	cell = 224 to 231
45	-14	82	9	47	-45	26	-6	cell = 232 to 239
71	-6	72	-11	64	-18	53	-16	cell = 240 to 247
32	32	25	-44	30	44	48	-41	cell = 248 to 255
24	-33	11	-19	56	-32	51	-20	cell = 256 to 263
92	-19	22	-27	58	12	45	-5	cell = 264 to 271
24	-9	69	63	14	-9	22	5	cell = 272 to 279
53	-46	65	-12	57	20	50	-3	cell = 280 to 287
72	-7	68	17	63	12	53	-15	cell = 288 to 295
67	13	27	-34	65	-26	47	30	cell = 296 to 303
55	-10	79	-10	81	6	38	-22	cell = 304 to 311
38	-4	30	-44	52	-8	42	-29	cell = 312 to 319
36	-4	57	6	26	19	75	7	cell = 320 to 327
37	-33	27	-38	6	-9	48	-29	cell = 328 to 335
27	22	75	-43	48	0	61	-24	cell = 336 to 343
28	38	36	2	17	9	20	1	cell = 344 to 351
88	-15	69	-12	54	-6	25	-13	cell = 352 to 359
43	9	52	-35	88	-45	82	-10	cell = 360 to 367
83	15	58	-9	57	-10	39	19	cell = 368 to 375
46	-16	48	-19	34	19	55	-4	cell = 376 to 383
15	-7	76	21	24	-7	46	-29	cell = 384 to 391
36	17	37	-13	52	34	27	-15	cell = 392 to 399
43	12	47	5	44	-38	35	-23	cell = 400 to 407
54	6	30	11	50	-4	15	-11	cell = 408 to 415
56	16	22	-13	62	17	64	28	cell = 416 to 423
37	-51	62	-35	73	14	63	22	cell = 424 to 431
34	-28	37	-18	44	-36	32	38	cell = 432 to 439
39	-30	62	-19	58	-9	60	2	cell = 440 to 447
26	29	24	-52	47	-4	41	-4	cell = 448 to 455
90	-27	36	13	45	-5	21	29	cell = 456 to 463
43	3	68	-9	1	-34	13	-20	cell = 464 to 471
19	-17	33	-4	18	-32	17	-19	cell = 472 to 479
18	6	26	-4	5	13	70	-6	cell = 480 to 487
76	-23	53	10	49	-41	11	-29	cell = 488 to 495
29	-15	-59	-98	-21	-88	-13	-54	cell = 496 to 503
58	-12	36	-34	28	-19	38	-18	cell = 504 to 511
-39	-33	3	-13	-25	-44	-44	-8	cell = 512 to 519
-12	-11	-37	-26	-14	-5	1	4	cell = 520 to 527
-2	-2	-7	-13	4	-11	3	-14	cell = 528 to 535
-52	-53	6	-15	-39	9	-23	-38	cell = 536 to 543
-14	-41	-9	10	-15	-11	-8	-21	cell = 544 to 551
32	-45	13	20	-6	-27	22	-15	cell = 552 to 559
-31	-19	-7	-35	-16	-36	18	14	cell = 560 to 567
-41	12	-26	-28	-3	-36	-11	0	cell = 568 to 575
-12	-7	-34	-27	-47	6	-47	-35	cell = 576 to 583
9	-12	-19	-4	-19	8	-46	-70	cell = 584 to 591
5	3	-11	-15	18	-17	-35	-11	cell = 592 to 599
-44	-32	38	-28	1	-28	-42	8	cell = 600 to 607
18	-62	-31	-26	-11	-39	-21	16	cell = 608 to 615
-37	-31	-42	-5	-3	-8	-53	-44	cell = 616 to 623
-3	1	10	-22	-18	10	-28	-32	cell = 624 to 631
20	-19	-49	-19	22	-3	-73	-45	cell = 632 to 639
-18	-32	-26	-21	6	0	-9	-5	cell = 640 to 647
-41	1	-18	0	-21	-9	-21	-26	cell = 648 to 655
-20	-48	15	-61	-41	-28	-12	-15	cell = 656 to 663
-43	-22	-50	-19	-1	3	14	-25	cell = 664 to 671
14	-47	9	36	-6	-32	-10	-28	cell = 672 to 679
-4	-51	16	5	-17	-4	16	10	cell = 680 to 687
45	-38	-31	-19	-18	-8	-20	-16	cell = 688 to 695
-43	-31	-32	-24	15	-15	-32	-40	cell = 696 to 703
0	-32	-5	-20	-8	-10	-38	-40	cell = 704 to 711
-3	-45	-30	-6	-21	15	-46	3	cell = 712 to 719
-16	5	-5	-39	-26	10	-12	-1	cell = 720 to 727
-9	2	4	-22	-57	-54	-19	-23	cell = 728 to 735
-6	-39	-28	-12	-32	6	-17	-13	cell = 736 to 743
-33	-5	-28	-19	-50	-50	-6	-10	cell = 744 to 751
-7	-30	-1	-28	-1	-35	-8	-20	cell = 752 to 759
-28	42	4	-15	-21	2	-39	-20	cell = 760 to 767
-30	-33	-16	-10	16	-44	-10	-2	cell = 768 to 775
-14	-20	12	-8	-27	-35	-28	-17	cell = 776 to 783
-16	-53	-16	-29	-13	0	-37	-23	cell = 784 to 791
18	22	-54	9	-13	13	19	-15	cell = 792 to 799
-11	18	-32	-21	-36	0	-11	-12	cell = 800 to 807
0	-39	-35	-10	-20	-6	-26	-31	cell = 808 to 815
14	3	-19	-26	-20	-26	0	3	cell = 816 to 823
-24	1	0	-31	-23	-27	-15	-14	cell = 824 to 831
3	-48	-29	-31	-4	-28	-23	-37	cell = 832 to 839
13	-40	-26	0	-7	8	-20	-58	cell = 840 to 847
21	-16	3	-25	-33	9	-56	-8	cell = 848 to 855
-9	-24	-33	4	-17	-35	-21	-5	cell = 856 to 863
-41	-37	12	-34	-2	-1	1	-12	cell = 864 to 871
-23	-52	2	-20	-36	-26	-5	6	cell = 872 to 879
-23	-13	10	6	-76	-38	-23	19	cell = 880 to 887
-18	-34	-6	-49	-8	14	-31	-29	cell = 888 to 895
-18	-16	-56	-9	-6	-39	15	-41	cell = 896 to 903
-22	3	6	11	-49	8	4	-32	cell = 904 to 911
-36	-44	-29	3	-26	-21	51	26	cell = 912 to 919
-33	-12	-12	-6	-22	-30	8	-4	cell = 920 to 927
-57	-10	-31	-36	-7	-69	-44	9	cell = 928 to 935
-36	-54	-15	-43	-8	-47	-39	2	cell = 936 to 943
-32	-28	0	-30	-15	3	9	-8	cell = 944 to 951
-58	4	-39	5	-48	-16	-33	-29	cell = 952 to 959
-23	11	-28	-40	-22	-34	-22	-26	cell = 960 to 967
-60	-52	-22	16	11	2	1	-13	cell = 968 to 975
2	-3	-27	-29	11	-31	-20	-28	cell = 976 to 983
-61	-18	-73	-29	-31	-35	-60	-34	cell = 984 to 991
-32	-46	4	4	-30	-13	-37	-12	cell = 992 to 999
27	-48	-56	-17	-46	-7	16	-48	cell = 1000 to 1007
-13	-27	-64	-11	-38	-52	-22	-42	cell = 1008 to 1015
-29	-13	-36	13	-41	-47	-26	-29	cell = 1016 to 1023
Calibration values from cell 0 to 1024 for channel 7:

33	-12	52	-43	25	-38	35	-30	cell = 0 to 7
39	0	30	-65	25	-65	83	-26	cell = 8 to 15
31	22	-5	-35	47	2	50	-38	cell = 16 to 23
54	-21	67	-30	53	-39	34	8	cell = 24 to 31
29	18	51	-31	58	5	29	-33	cell = 32 to 39
51	-30	89	-39	53	-25	33	-22	cell = 40 to 47
83	-12	32	-4	57	-17	44	-20	cell = 48 to 55
57	43	93	16	36	4	41	-35	cell = 56 to 63
48	15	67	-16	33	-8	23	-29	cell = 64 to 71
-11	-35	85	2	52	-12	10	8	cell = 72 to 79
75	-13	75	2	62	-10	71	-19	cell = 80 to 87
63	-1	32	-12	-2	-24	28	-45	cell = 88 to 95
1	2	52	-11	53	-24	13	-26	cell = 96 to 103
30	-13	37	13	72	-57	62	-32	cell = 104 to 111
43	-17	29	0	27	33	66	-8	cell = 112 to 119
55	14	58	-49	64	-30	51	-66	cell = 120 to 127
31	3	59	-21	14	4	54	-4	cell = 128 to 135
85	13	47	0	40	-39	77	4	cell = 136 to 143
51	30	47	-23	36	1	72	-21	cell = 144 to 151
36	-2	9	-43	53	9	29	11	cell = 152 to 159
71	16	-13	2	46	-15	38	-18	cell = 160 to 167
74	-17	52	-43	54	-8	36	-2	cell = 168 to 175
40	14	40	-44	36	3	48	19	cell = 176 to 183
35	-2	39	-10	53	-6	33	-26	cell = 184 to 191
16	-1	44	10	52	-26	36	19	cell = 192 to 199
41	-1	76	-32	49	-22	53	-28	cell = 200 to 207
57	-8	27	-35	7	2	19	-25	cell = 208 to 215
23	39	46	12	32	-28	55	24	cell = 216 to 223
52	-29	23	-8	32	-39	56	-27	cell = 224 to 231
40	-28	82	-21	40	-8	39	-7	cell = 232 to 239
37	8	1	-35	48	7	62	-8	cell = 240 to 247
56	-28	45	-28	46	-7	46	-27	cell = 248 to 255
36	-29	38	11	76	-7	51	-19	cell = 256 to 263
34	21	57	-44	14	8	71	-9	cell = 264 to 271
23	-18	70	-40	36	-14	33	-28	cell = 272 to 279
8	-23	53	12	55	12	39	-37	cell = 280 to 287
40	2	60	-20	52	1	17	-5	cell = 288 to 295
55	-10	51	-4	36	-32	56	-34	cell = 296 to 303
46	0	64	-3	47	-51	-4	-20	cell = 304 to 311
15	0	68	16	85	1	20	-22	cell = 312 to 319
24	-16	86	-20	20	-22	39	-42	cell = 320 to 327
72	-3	63	12	53	4	48	-26	cell = 328 to 335
71	-40	20	-21	73	-6	19	-19	cell = 336 to 343
56	-7	33	-24	52	-4	70	-43	cell = 344 to 351
25	0	25	-5	89	-11	19	-27	cell = 352 to 359
32	-12	32	-24	45	-10	96	-15	cell = 360 to 367
43	-26	43	-20	27	-11	32	-7	cell = 368 to 375
67	-13	59	-23	30	-12	43	-8	cell = 376 to 383
86	-15	0	2	82	4	-7	1	cell = 384 to 391
27	5	52	-43	44	-8	51	-12	cell = 392 to 399
53	-7	34	-51	54	7	76	14	cell = 400 to 407
46	-2	12	-14	61	2	59	-4	cell = 408 to 415
13	9	39	10	64	-42	81	-2	cell = 416 to 423
1	-25	75	-23	48	-3	52	2	cell = 424 to 431
17	3	38	18	9	3	15	9	cell = 432 to 439
71	-10	20	-30	64	-13	20	-4	cell = 440 to 447
27	14	45	-31	41	6	83	-28	cell = 448 to 455
47	1	57	-14	87	-14	38	-28	cell = 456 to 463
72	-28	58	-15	60	-53	64	-71	cell = 464 to 471
44	3	61	-10	41	-6	54	-23	cell = 472 to 479
29	-13	57	-12	64	-9	19	-37	cell = 480 to 487
60	19	50	-29	25	-13	57	-24	cell = 488 to 495
26	-29	-31	-77	-44	-79	45	-64	cell = 496 to 503
17	27	61	-18	19	-17	16	12	cell = 504 to 511
-2	-38	10	-9	-41	-30	-65	-4	cell = 512 to 519
11	-5	-51	-7	8	-49	-12	16	cell = 520 to 527
10	-47	-33	-2	-23	-14	-6	-25	cell = 528 to 535
14	-49	-16	-5	13	-34	-15	-15	cell = 536 to 543
-35	-9	-30	-15	-8	-40	3	-29	cell = 544 to 551
-6	-52	-5	43	11	-17	-16	-9	cell = 552 to 559
-4	-10	-19	-30	1	-27	-17	-17	cell = 560 to 567
-21	-5	-26	11	6	-12	-45	-1	cell = 568 to 575
-25	-26	-9	-14	-27	-15	-36	-12	cell = 576 to 583
26	-40	-52	-2	-24	-16	1	-3	cell = 584 to 591
-17	-37	-7	-40	27	-15	-9	-4	cell = 592 to 599
-11	-2	-6	3	-11	6	-24	-27	cell = 600 to 607
-31	-42	-36	-50	-25	-20	13	-42	cell = 608 to 615
-12	-3	-23	-42	-67	-9	-11	-26	cell = 616 to 623
-35	-9	-12	-36	32	-42	-5	19	cell = 624 to 631
-22	0	-36	-22	-21	-46	-18	-3	cell = 632 to 639
3	11	-33	-19	19	-48	-39	-6	cell = 640 to 647
15	-28	-16	-10	-14	2	-13	-55	cell = 648 to 655
2	-13	7	-21	-9	-21	-6	-6	cell = 656 to 663
-7	-19	1	-37	-1	-19	5	-6	cell = 664 to 671
19	-54	-9	-48	-10	11	10	-2	cell = 672 to 679
-19	-15	14	-39	-3	-24	-18	-14	cell = 680 to 687
-10	-3	-22	0	-6	-29	-33	-31	cell = 688 to 695
-42	7	15	-49	-9	-15	-23	-5	cell = 696 to 703
-72	-32	-60	10	-5	-30	0	-2	cell = 704 to 711
-2	11	-19	-17	-46	-27	-29	-11	cell = 712 to 719
-51	-12	-17	-22	-9	-18	-32	20	cell = 720 to 727
-15	-18	-70	-14	0	25	-29	-32	cell = 728 to 735
-3	-20	-10	-17	-11	-22	-8	18	cell = 736 to 743
-4	-13	-22	3	-9	-4	-36	4	cell = 744 to 751
-41	-22	-40	-35	-22	-39	-32	-5	cell = 752 to 759
-30	-16	-39	21	4	-6	3	-20	cell = 760 to 767
-27	-7	-34	-39	-11	-23	-31	-26	cell = 768 to 775
-15	-49	3	26	-9	-3	-34	-23	cell = 776 to 783
-10	-31	-10	-14	-27	-11	-1	3	cell = 784 to 791
44	-20	-18	14	-30	-30	4	-25	cell = 792 to 799
-19	-40	-34	-6	-10	-10	-31	-3	cell = 800 to 807
4	24	-7	-9	42	-25	5	-13	cell = 808 to 815
-4	0	11	-59	-13	-17	10	-11	cell = 816 to 823
-29	-27	8	-8	-19	-16	-23	-8	cell = 824 to 831
-23	-54	-41	20	-24	-14	-36	-26	cell = 832 to 839
2	-35	-8	-18	-26	-12	14	-37	cell = 840 to 847
-19	-27	-27	34	-16	-31	5	-21	cell = 848 to 855
-23	-25	-18	-75	-8	-27	12	-25	cell = 856 to 863
-7	3	-15	0	-31	16	-39	-33	cell = 864 to 871
-39	-20	-34	-4	-30	-12	-31	-62	cell = 872 to 879
-12	-2	-9	8	2	-31	-3	-22	cell = 880 to 887
8	-15	16	-15	-8	0	1	-45	cell = 888 to 895
-13	-38	-32	3	-17	-29	9	-25	cell = 896 to 903
-59	0	-6	0	-23	11	19	-2	cell = 904 to 911
-27	-44	-43	-24	1	4	-13	-7	cell = 912 to 919
12	-31	-9	-14	-15	-15	-37	-39	cell = 920 to 927
5	-23	26	-26	-53	-2	-15	-18	cell = 928 to 935
-31	20	0	18	-37	-13	-20	0	cell = 936 to 943
23	-46	-26	-12	-52	-24	-25	0	cell = 944 to 951
-22	-9	-4	-13	-7	6	-24	-19	cell = 952 to 959
-5	-12	3	7	-30	1	-11	-19	cell = 960 to 967
-48	-5	-10	-17	-13	-2	-9	-44	cell = 968 to 975
-22	-14	-29	-8	19	15	-4	10	cell = 976 to 983
-19	5	-20	-53	-22	6	-44	-21	cell = 984 to 991
-34	4	-33	4	-25	-20	-57	16	cell = 992 to 999
-51	-47	-28	-2	1	-23	-3	14	cell = 1000 to 1007
-13	6	-46	-25	-24	-44	-15	-29	cell = 1008 to 1015
-48	-59	-29	-23	-21	-26	-38	24	cell = 1016 to 1023
Calibration values from cell 0 to 1024 for channel 8:

6	-6	28	-48	44	-28	43	10	cell = 0 to 7
26	-28	42	-4	-2	25	45	-15	cell = 8 to 15
40	-29	60	-11	68	24	22	8	cell = 16 to 23
47	-27	6	63	54	4	19	-43	cell = 24 to 31
76	-4	30	-42	25	11	-5	-3	cell = 32 to 39
34	-2	34	-17	41	-3	32	-46	cell = 40 to 47
48	29	38	-15	40	-7	41	-25	cell = 48 to 55
45	-1	52	32	22	-14	27	-54	cell = 56 to 63
53	13	19	1	19	-11	20	25	cell = 64 to 71
52	26	54	-20	39	-16	55	-5	cell = 72 to 79
40	-3	77	-13	36	-7	15	2	cell = 80 to 87
55	-15	22	7	26	-7	1	-8	cell = 88 to 95
58	-8	18	4	27	-16	59	-1	cell = 96 to 103
66	28	27	-17	20	-13	26	-34	cell = 104 to 111
8	-2	71	14	43	-37	65	-4	cell = 112 to 119
11	11	53	-9	73	7	60	-1	cell = 120 to 127
62	-28	55	-31	68	-10	75	18	cell = 128 to 135
35	-11	48	-18	86	22	66	-3	cell = 136 to 143
55	18	46	11	43	15	40	8	cell = 144 to 151
34	11	8	-22	48	-14	-1	0	cell = 152 to 159
59	-6	72	-17	74	-20	31	-12	cell = 160 to 167
25	18	63	-23	9	12	25	-22	cell = 168 to 175
68	-43	24	-40	51	42	40	18	cell = 176 to 183
56	48	45	-11	9	-4	46	-15	cell = 184 to 191
69	-19	52	31	30	-27	65	23	cell = 192 to 199
29	26	8	13	63	5	62	24	cell = 200 to 207
-5	-13	-12	23	23	-14	16	5	cell = 208 to 215
64	-36	40	9	71	-14	38	-5	cell = 216 to 223
60	17	36	9	77	5	49	-6	cell = 224 to 231
28	-41	46	-19	39	8	84	20	cell = 232 to 239
69	-2	3	8	42	-2	44	-8	cell = 240 to 247
57	-7	74	-9	26	26	35	-2	cell = 248 to 255
47	4	32	12	18	-24	52	-4	cell = 256 to 263
64	-20	40	3	67	-15	55	-18	cell = 264 to 271
77	21	23	-41	39	12	81	-5	cell = 272 to 279
33	-9	39	-19	12	17	96	2	cell = 280 to 287
67	-34	24	1	72	-10	22	-30	cell = 288 to 295
14	24	42	0	33	-17	74	0	cell = 296 to 303
52	-4	40	-3	51	-25	36	-13	cell = 304 to 311
43	-36	95	45	28	13	53	-13	cell = 312 to 319
39	21	30	8	68	35	35	-15	cell = 320 to 327
30	4	45	-16	47	24	18	14	cell = 328 to 335
33	-7	40	1	42	-21	49	37	cell = 336 to 343
38	-20	53	40	41	-9	50	-13	cell = 344 to 351
72	-12	40	-8	55	37	11	-22	cell = 352 to 359
20	-13	10	36	23	14	42	9	cell = 360 to 367
19	5	44	0	0	6	36	-36	cell = 368 to 375
44	-10	48	22	40	-13	55	38	cell = 376 to 383
50	16	45	23	49	-3	29	38	cell = 384 to 391
49	1	43	-19	63	9	57	18	cell = 392 to 399
65	-13	12	-27	23	6	39	-16	cell = 400 to 407
117	1	79	13	45	-1	48	6	cell = 408 to 415
66	34	28	-19	65	3	48	-10	cell = 416 to 423
61	21	44	-25	49	-38	28	-6	cell = 424 to 431
21	-5	37	-48	69	-41	78	-17	cell = 432 to 439
46	5	50	18	58	2	53	5	cell = 440 to 447
35	26	52	15	45	-40	12	14	cell = 448 to 455
20	5	68	4	28	14	59	5	cell = 456 to 463
39	-30	8	3	29	13	47	-1	cell = 464 to 471
42	-27	47	-21	15	-2	14	-48	cell = 472 to 479
84	19	33	-14	63	-1	80	6	cell = 480 to 487
61	-14	14	-48	74	-17	30	-43	cell = 488 to 495
55	15	-10	-88	9	-80	-27	-63	cell = 496 to 503
47	18	43	-17	28	-34	61	-13	cell = 504 to 511
-5	-3	8	-44	-46	-41	-18	-41	cell = 512 to 519
-29	-33	-51	-39	11	-27	-2	-15	cell = 520 to 527
-56	26	6	-47	-37	7	-8	-41	cell = 528 to 535
-13	-10	-45	-9	-43	-36	-13	-13	cell = 536 to 543
-21	-9	-7	-15	-24	-56	-29	-13	cell = 544 to 551
-33	20	-20	-25	13	-1	-14	-46	cell = 552 to 559
7	-11	-28	-32	5	-12	-13	-21	cell = 560 to 567
-9	-38	-50	18	-18	-10	-41	7	cell = 568 to 575
-26	-16	-14	-38	-16	15	-23	2	cell = 576 to 583
-18	-9	-58	-32	-33	7	-37	-4	cell = 584 to 591
-22	-48	-26	-53	-15	-9	18	-20	cell = 592 to 599
39	-5	-20	-9	-20	-56	-17	-12	cell = 600 to 607
-39	-17	-29	-22	17	-48	-63	-22	cell = 608 to 615
-50	-21	-10	5	-13	-9	-9	2	cell = 616 to 623
-44	0	25	10	-38	-41	-41	-1	cell = 624 to 631
3	-36	-9	16	-4	-7	-37	-29	cell = 632 to 639
-30	1	-25	3	-14	-49	-41	-34	cell = 640 to 647
-26	-31	-22	-30	-58	-24	-51	-14	cell = 648 to 655
-23	-3	8	-41	-7	18	4	-25	cell = 656 to 663
21	-30	-41	6	-11	-15	-33	16	cell = 664 to 671
-30	-10	-30	-7	8	-29	-11	-22	cell = 672 to 679
-34	0	-49	-4	-10	-8	18	-26	cell = 680 to 687
4	-1	-19	-42	-64	7	-47	-21	cell = 688 to 695
25	-56	-24	-27	-14	-30	-41	-36	cell = 696 to 703
-16	-25	13	-5	-1	-37	-13	-23	cell = 704 to 711
-8	-24	-32	-28	10	-68	-36	11	cell = 712 to 719
3	-45	-8	-12	6	-9	-49	-22	cell = 720 to 727
-7	-34	4	-32	-20	19	-26	-38	cell = 728 to 735
-28	-25	-52	-17	-48	-18	-2	-23	cell = 736 to 743
-20	-36	-42	-18	-28	-28	-21	21	cell = 744 to 751
8	-27	-38	8	-21	6	-44	-13	cell = 752 to 759
-45	16	-18	-48	-4	-10	-19	-24	cell = 760 to 767
-6	-13	-9	-23	-31	-50	6	-26	cell = 768 to 775
-30	-47	-12	-9	-15	0	7	-17	cell = 776 to 783
-10	-19	-22	-2	-25	24	-3	-30	cell = 784 to 791
-52	-19	-28	10	-68	-37	-5	-42	cell = 792 to 799
-15	-19	7	-20	-15	-18	-11	-25	cell = 800 to 807
-33	20	-17	-3	-7	9	-1	2	cell = 808 to 815
19	1	-41	-28	-15	-53	-41	-24	cell = 816 to 823
-6	-33	-45	-13	19	-20	-50	10	cell = 824 to 831
-57	-47	7	31	-11	15	-18	-52	cell = 832 to 839
7	-65	-38	24	-24	-26	-13	-31	cell = 840 to 847
-33	-18	6	-35	-7	-43	-19	-17	cell = 848 to 855
-39	-44	-24	3	-26	-6	-28	-15	cell = 856 to 863
-26	1	-32	-30	0	-17	-64	21	cell = 864 to 871
-39	3	13	11	-3	-13	-26	-10	cell = 872 to 879
-69	-11	-33	-31	-21	-14	-4	-49	cell = 880 to 887
-29	-23	-44	4	1	-15	-34	-28	cell = 888 to 895
-29	-51	7	-31	-9	-15	-34	-57	cell = 896 to 903
-39	-49	-14	-30	-11	13	-49	-27	cell = 904 to 911
4	-22	6	-5	7	-4	-35	-15	cell = 912 to 919
6	-28	-27	-33	-3	-31	-47	-4	cell = 920 to 927
-31	29	-28	4	-31	-34	-42	-1	cell = 928 to 935
-20	2	-26	27	-41	-24	-4	-18	cell = 936 to 943
-30	10	-29	-37	8	-48	-37	-25	cell = 944 to 951
-39	-30	-18	-22	5	-60	-10	-17	cell = 952 to 959
5	-26	-39	-20	-38	-23	-17	-16	cell = 960 to 967
-9	-17	-2	-10	1	-29	-31	4	cell = 968 to 975
1	-24	-5	-33	2	-21	-33	-1	cell = 976 to 983
19	-57	-20	-29	-35	-28	-26	1	cell = 984 to 991
-47	-34	-38	-14	-27	-35	-44	-8	cell = 992 to 999
-7	-19	-42	-47	-1	-18	-37	-5	cell = 1000 to 1007
10	-51	-60	-24	-7	-3	-17	-13	cell = 1008 to 1015
-18	-49	-77	-16	-26	-20	-9	-36	cell = 1016 to 1023
