Calibration values from cell 0 to 1024 for channel 0:

2	-11	59	-12	65	-16	33	25	cell = 0 to 7
6	2	62	-8	50	21	43	0	cell = 8 to 15
18	-25	50	10	36	-32	29	-12	cell = 16 to 23
58	0	60	-24	46	2	63	-5	cell = 24 to 31
38	11	56	-12	51	-20	45	-10	cell = 32 to 39
55	-48	10	6	31	-9	16	-9	cell = 40 to 47
56	11	37	23	56	31	71	-14	cell = 48 to 55
-11	-8	24	-53	31	22	38	-48	cell = 56 to 63
46	-14	34	9	54	-14	33	-5	cell = 64 to 71
54	26	64	-2	43	4	40	4	cell = 72 to 79
22	23	79	1	56	-14	20	-17	cell = 80 to 87
54	8	71	-17	55	-11	43	1	cell = 88 to 95
60	-6	62	25	40	-23	43	-26	cell = 96 to 103
49	0	50	-41	54	35	22	5	cell = 104 to 111
69	30	10	20	53	21	51	12	cell = 112 to 119
95	11	12	-8	52	11	33	24	cell = 120 to 127
50	-13	27	21	25	-7	52	-8	cell = 128 to 135
28	17	0	6	36	-8	79	21	cell = 136 to 143
32	-35	28	6	92	-23	23	-38	cell = 144 to 151
55	-19	30	-5	52	-45	54	29	cell = 152 to 159
49	41	40	-17	33	16	52	1	cell = 160 to 167
16	10	51	-14	19	-2	55	23	cell = 168 to 175
46	-5	78	-7	46	17	30	-24	cell = 176 to 183
17	0	52	-28	52	-11	61	-41	cell = 184 to 191
21	-36	30	-26	77	6	51	10	cell = 192 to 199
18	-1	39	-12	49	22	53	-18	cell = 200 to 207
82	5	61	8	37	-28	46	-38	cell = 208 to 215
4	-11	47	10	43	-5	31	8	cell = 216 to 223
71	-15	39	22	24	25	34	-38	cell = 224 to 231
63	-39	79	37	68	-13	68	-4	cell = 232 to 239
74	14	34	-39	57	-26	43	19	cell = 240 to 247
34	-5	44	-56	24	-49	45	-12	cell = 248 to 255
67	-30	49	-7	31	-12	43	3	cell = 256 to 263
34	-6	88	21	25	15	28	0	cell = 264 to 271
17	9	19	38	58	18	72	8	cell = 272 to 279
43	-16	80	-39	74	37	65	22	cell = 280 to 287
81	-40	56	22	26	-3	33	-30	cell = 288 to 295
49	-13	46	-6	20	18	58	24	cell = 296 to 303
75	19	40	24	32	-23	88	-4	cell = 304 to 311
83	-24	42	14	25	1	40	17	cell = 312 to 319
75	2	18	-38	36	12	58	26	cell = 320 to 327
52	-19	39	-11	20	-6	51	-30	cell = 328 to 335
28	-9	56	-29	50	13	28	9	cell = 336 to 343
-5	-4	33	-37	30	12	38	6	cell = 344 to 351
66	-27	30	15	56	26	27	4	cell = 352 to 359
45	-2	38	-40	2	37	41	-3	cell = 360 to 367
17	24	20	12	19	22	33	-52	cell = 368 to 375
20	4	32	19	68	-22	46	-26	cell = 376 to 383
20	-4	51	25	24	7	57	-48	cell = 384 to 391
10	-3	72	-8	21	-12	57	-4	cell = 392 to 399
64	7	39	-20	22	-3	46	-39	cell = 400 to 407
43	-4	58	-23	68	35	27	16	cell = 408 to 415
34	2	71	18	41	-6	67	33	cell = 416 to 423
17	-40	48	37	63	-21	66	-5	cell = 424 to 431
34	-1	51	-16	15	45	31	1	cell = 432 to 439
68	-53	50	8	29	-30	41	-18	cell = 440 to 447
-9	-11	31	5	48	-13	56	11	cell = 448 to 455
70	14	36	13	44	-40	73	-9	cell = 456 to 463
82	-33	26	30	28	-9	56	4	cell = 464 to 471
44	-58	36	17	40	-22	73	-17	cell = 472 to 479
50	-42	55	-14	-8	-10	71	-9	cell = 480 to 487
45	18	60	16	38	-49	30	-8	cell = 488 to 495
35	29	-50	-62	-13	-86	-70	-78	cell = 496 to 503
-9	-3	3	-12	47	-25	53	-70	cell = 504 to 511
-6	-25	-7	3	-41	-35	-18	-22	cell = 512 to 519
-17	-18	-9	-43	-28	-23	-26	-6	cell = 520 to 527
-22	-38	-50	-7	0	18	-29	-29	cell = 528 to 535
-52	15	-27	-35	-24	-47	-27	-59	cell = 536 to 543
-51	4	-30	-48	-18	23	-12	0	cell = 544 to 551
-16	-10	-68	-6	-3	-32	-2	-9	cell = 552 to 559
-59	-16	-65	-14	-31	19	-36	13	cell = 560 to 567
-15	-28	3	-12	-13	4	-35	25	cell = 568 to 575
-56	-44	-33	-10	-55	-3	-52	-57	cell = 576 to 583
18	-75	16	-54	-25	-31	-5	-8	cell = 584 to 591
-14	6	-24	-7	-17	7	-25	-26	cell = 592 to 599
9	-14	-55	-40	-14	-43	1	-41	cell = 600 to 607
-10	14	-25	-11	2	19	-23	-20	cell = 608 to 615
-31	-32	-38	-45	-8	-56	-37	-10	cell = 616 to 623
-42	-56	-24	-26	-22	-24	12	-22	cell = 624 to 631
-33	12	-33	-18	-18	-18	-26	-38	cell = 632 to 639
-11	-40	-17	-44	6	-2	-54	-19	cell = 640 to 647
-31	13	-24	-3	-22	0	-39	-10	cell = 648 to 655
-35	-31	-2	-6	-45	-27	-54	-12	cell = 656 to 663
-19	-1	-45	-5	-41	-36	-35	-51	cell = 664 to 671
2	14	-70	-17	-41	6	-22	10	cell = 672 to 679
-15	-25	-45	-16	-41	-2	-38	3	cell = 680 to 687
-37	-23	-55	10	-4	-36	-26	-19	cell = 688 to 695
-4	-33	-38	5	-8	-3	-41	-23	cell = 696 to 703
-26	-25	-4	-15	-36	-41	-10	-21	cell = 704 to 711
-43	-32	46	21	-28	-8	8	-6	cell = 712 to 719
1	7	-45	-40	-8	-12	-19	-23	cell = 720 to 727
-21	-24	-11	-53	-37	-45	-37	-11	cell = 728 to 735
-55	-48	7	-13	-20	-14	4	-38	cell = 736 to 743
-43	-18	-37	-16	-33	-5	-34	-49	cell = 744 to 751
-15	6	-36	6	-5	-29	11	-24	cell = 752 to 759
1	-50	-33	-47	-17	-24	-9	-28	cell = 760 to 767
-42	-14	-10	-50	-30	-25	5	-22	cell = 768 to 775
-27	-14	-42	-6	-46	-19	-2	-9	cell = 776 to 783
19	-18	-13	-21	-5	-27	-13	37	cell = 784 to 791
-54	-16	-17	-21	-10	-21	-20	-22	cell = 792 to 799
-26	1	24	-29	-42	-17	-42	-19	cell = 800 to 807
10	10	-25	-24	-40	29	-29	-13	cell = 808 to 815
4	-48	-56	-7	0	9	37	-38	cell = 816 to 823
-38	-102	-33	-28	-23	-49	-13	-9	cell = 824 to 831
-11	-37	-59	0	-30	-33	-39	29	cell = 832 to 839
-2	-39	-21	3	0	-10	-28	-34	cell = 840 to 847
18	-2	-12	-10	2	3	-17	-3	cell = 848 to 855
-11	0	-13	-12	0	-6	-3	14	cell = 856 to 863
-41	-31	15	-28	-26	-42	22	-10	cell = 864 to 871
-15	-34	-44	20	-18	-9	-34	-14	cell = 872 to 879
34	-16	-44	-40	16	-22	-37	-6	cell = 880 to 887
-12	-16	-27	-12	-18	-28	1	-3	cell = 888 to 895
-24	-36	-32	-31	-31	-33	8	2	cell = 896 to 903
-34	-27	-32	-16	-6	24	-9	13	cell = 904 to 911
-11	22	-34	-25	14	16	1	-29	cell = 912 to 919
-6	-29	-14	-29	-22	2	-19	-15	cell = 920 to 927
-22	23	-41	-57	-43	-10	-4	14	cell = 928 to 935
13	-8	-28	-13	-22	-25	-64	0	cell = 936 to 943
8	-38	0	-31	16	-3	-64	-33	cell = 944 to 951
-19	28	-19	-24	-20	-18	-15	-8	cell = 952 to 959
-55	-37	5	-15	-19	-4	-60	7	cell = 960 to 967
-52	-41	-32	-15	-20	-30	19	-37	cell = 968 to 975
-19	-2	9	-27	-50	22	5	-20	cell = 976 to 983
-24	1	5	-57	-20	6	-3	16	cell = 984 to 991
-5	-36	12	23	-38	20	-15	-25	cell = 992 to 999
-6	6	0	-10	-24	13	-26	-66	cell = 1000 to 1007
-60	15	-25	-16	-58	-18	-39	-39	cell = 1008 to 1015
-11	-7	11	-13	4	1	-49	-66	cell = 1016 to 1023
Calibration values from cell 0 to 1024 for channel 1:

12	-34	48	-6	26	8	52	22	cell = 0 to 7
44	-12	49	-17	58	10	38	-4	cell = 8 to 15
28	28	75	1	36	-10	51	-6	cell = 16 to 23
66	-4	59	-34	25	-2	23	15	cell = 24 to 31
-4	20	58	8	27	-19	41	37	cell = 32 to 39
55	-16	69	1	42	-39	17	-9	cell = 40 to 47
57	-15	59	0	15	47	59	-20	cell = 48 to 55
12	29	59	0	73	-8	49	-3	cell = 56 to 63
65	-21	59	9	53	12	49	11	cell = 64 to 71
62	-7	18	-4	-11	-47	45	-27	cell = 72 to 79
42	-17	61	35	50	4	47	22	cell = 80 to 87
39	-26	41	3	67	9	55	23	cell = 88 to 95
11	10	8	-4	51	-19	49	-3	cell = 96 to 103
34	-5	75	-7	41	7	50	-8	cell = 104 to 111
45	28	14	-3	63	10	40	35	cell = 112 to 119
33	33	52	-42	46	-5	45	-34	cell = 120 to 127
16	8	40	-10	46	-29	66	-37	cell = 128 to 135
29	-40	67	11	26	24	22	-5	cell = 136 to 143
61	25	49	35	102	-12	27	-2	cell = 144 to 151
59	14	43	-23	45	2	55	-30	cell = 152 to 159
67	11	13	-3	80	-33	51	-13	cell = 160 to 167
42	-16	36	0	25	8	66	0	cell = 168 to 175
58	-5	7	-41	55	-25	78	-6	cell = 176 to 183
13	-9	51	-24	15	37	23	-32	cell = 184 to 191
24	-34	-1	-25	45	42	89	-2	cell = 192 to 199
41	-17	49	-13	22	-4	71	-37	cell = 200 to 207
21	-29	17	16	65	0	59	-93	cell = 208 to 215
32	-40	56	30	1	9	29	-4	cell = 216 to 223
34	-41	48	36	43	15	40	11	cell = 224 to 231
67	0	75	-38	19	-34	30	0	cell = 232 to 239
41	4	39	-22	57	-15	60	-11	cell = 240 to 247
0	-4	84	20	10	13	46	-16	cell = 248 to 255
14	12	51	-17	49	-27	35	-11	cell = 256 to 263
61	-2	81	12	37	-16	49	-27	cell = 264 to 271
47	-3	71	-7	72	-45	37	-6	cell = 272 to 279
50	13	64	-15	18	-8	7	-32	cell = 280 to 287
20	-18	54	-22	38	21	67	-24	cell = 288 to 295
38	-28	76	29	63	29	25	6	cell = 296 to 303
-10	5	27	2	30	0	65	-13	cell = 304 to 311
65	-16	46	-36	57	2	74	-21	cell = 312 to 319
50	3	36	7	34	13	30	12	cell = 320 to 327
48	-15	51	21	75	-24	57	19	cell = 328 to 335
49	-25	28	36	36	-3	96	-15	cell = 336 to 343
44	13	34	14	42	10	58	2	cell = 344 to 351
46	42	33	14	63	-28	91	-15	cell = 352 to 359
48	6	71	10	22	-14	81	-4	cell = 360 to 367
73	15	45	9	53	19	60	-8	cell = 368 to 375
57	-25	66	-12	6	-31	62	-77	cell = 376 to 383
15	-15	1	-13	57	-37	21	-36	cell = 384 to 391
25	21	35	6	0	-40	59	-10	cell = 392 to 399
26	14	15	22	23	21	32	31	cell = 400 to 407
59	-29	44	-27	21	-12	26	-21	cell = 408 to 415
39	-32	44	-16	8	-13	-8	-18	cell = 416 to 423
41	12	63	-15	65	12	106	-10	cell = 424 to 431
54	17	11	16	19	0	50	3	cell = 432 to 439
15	-50	44	6	11	4	32	-16	cell = 440 to 447
40	12	40	1	42	-5	54	3	cell = 448 to 455
72	8	0	-18	40	-26	31	-29	cell = 456 to 463
74	-28	78	-2	65	-24	8	21	cell = 464 to 471
14	-2	52	-40	59	-29	49	-23	cell = 472 to 479
47	30	53	14	62	-9	76	-14	cell = 480 to 487
36	6	66	-13	40	0	27	-9	cell = 488 to 495
56	-2	-35	-87	-67	-77	-38	-81	cell = 496 to 503
25	23	6	22	57	2	11	-16	cell = 504 to 511
-53	3	-25	-35	-7	-27	-11	2	cell = 512 to 519
-37	-10	-14	19	3	-35	-27	-3	cell = 520 to 527
-42	-51	-46	-49	-18	12	-14	-5	cell = 528 to 535
-9	-43	-14	6	-1	-27	-32	-47	cell = 536 to 543
-29	-10	-33	-47	-60	-39	-16	-6	cell = 544 to 551
-49	-7	-21	-10	-52	-35	-22	-8	cell = 552 to 559
-2	-59	-23	-25	1	-34	-42	-3	cell = 560 to 567
-57	-45	-5	-14	-29	-26	-42	-4	cell = 568 to 575
-12	4	-1	-1	-30	22	-14	-29	cell = 576 to 583
13	-7	-16	7	-19	35	-37	-23	cell = 584 to 591
5	3	-27	-2	-45	-49	-19	-1	cell = 592 to 599
-36	-6	-4	-2	-12	-33	-31	-9	cell = 600 to 607
-6	-62	-12	-15	14	-35	-21	-27	cell = 608 to 615
-4	-13	-27	1	23	0	-14	-25	cell = 616 to 623
-45	-15	-32	8	-17	-1	6	-31	cell = 624 to 631
-14	13	-24	-6	-22	-34	-44	-23	cell = 632 to 639
17	-16	-17	-5	-56	-36	-11	-1	cell = 640 to 647
-38	-11	-38	-68	5	-32	-22	-19	cell = 648 to 655
13	0	-8	6	23	-22	-41	-20	cell = 656 to 663
-17	-29	3	-22	-29	-13	28	-48	cell = 664 to 671
-18	-2	-13	-34	-5	-18	-11	-9	cell = 672 to 679
13	-6	34	25	-38	-40	-11	-29	cell = 680 to 687
-23	-4	9	15	-50	-5	-12	8	cell = 688 to 695
-7	-12	-77	-6	-41	-11	-20	-25	cell = 696 to 703
-57	-17	-32	-31	4	-17	-20	-33	cell = 704 to 711
-5	-27	-57	-34	-14	2	-40	1	cell = 712 to 719
-16	-11	-39	-32	4	-4	-18	7	cell = 720 to 727
-44	-51	-11	-37	-15	-31	-22	-13	cell = 728 to 735
-9	-39	-22	0	-12	2	-40	2	cell = 736 to 743
-44	-15	-5	-10	-31	-8	-14	-35	cell = 744 to 751
-29	-17	-28	-26	-25	34	-44	-45	cell = 752 to 759
8	-23	-14	10	-24	-65	-50	-44	cell = 760 to 767
-38	-55	-28	-25	-49	-27	-16	-36	cell = 768 to 775
-23	-3	-5	28	-40	-1	-15	-24	cell = 776 to 783
-10	-21	-46	-22	7	-28	-58	9	cell = 784 to 791
-2	30	-65	-21	-24	-30	-59	-12	cell = 792 to 799
-10	-17	-39	-35	-11	-28	-54	10	cell = 800 to 807
-53	-14	-57	4	-38	-52	-22	26	cell = 808 to 815
-21	-45	-19	4	10	-2	11	-28	cell = 816 to 823
-26	-9	-42	-48	-17	-22	-17	5	cell = 824 to 831
-32	1	-4	-18	-43	-11	-38	-29	cell = 832 to 839
-18	2	-10	20	-33	-15	-29	-18	cell = 840 to 847
1	3	-27	7	3	-7	-12	-12	cell = 848 to 855
-48	0	-22	-30	-24	-61	-15	-29	cell = 856 to 863
-56	-78	-55	34	-11	-19	-29	15	cell = 864 to 871
-2	-4	-9	12	11	-79	21	2	cell = 872 to 879
-29	-32	-21	11	-22	-50	-37	-8	cell = 880 to 887
-22	23	-28	16	16	-40	-58	-35	cell = 888 to 895
3	-13	6	-33	9	-31	-34	-17	cell = 896 to 903
8	8	-9	-29	-3	-22	4	-40	cell = 904 to 911
-29	-39	-46	5	-18	9	-8	-2	cell = 912 to 919
-21	-22	-29	-16	-45	-64	-5	1	cell = 920 to 927
-52	-8	-46	-19	-48	-31	-42	-5	cell = 928 to 935
-37	-36	-40	4	-22	29	-4	10	cell = 936 to 943
-17	-17	-9	-14	-32	-1	-18	-31	cell = 944 to 951
13	-5	-57	-7	-31	1	-16	-16	cell = 952 to 959
-13	-13	7	-10	23	-47	-25	20	cell = 960 to 967
-8	-27	-28	-28	-55	-8	-21	-9	cell = 968 to 975
4	-22	-39	12	-9	9	-1	-7	cell = 976 to 983
-5	-2	-42	-14	17	-7	10	-50	cell = 984 to 991
-33	-3	-35	-15	-2	2	-5	-16	cell = 992 to 999
20	-17	-20	0	-42	1	-40	25	cell = 1000 to 1007
-5	-7	-2	-29	-85	-12	2	-32	cell = 1008 to 1015
-22	-24	-79	-15	-18	-52	-15	10	cell = 1016 to 1023
Calibration values from cell 0 to 1024 for channel 2:

66	-3	22	-27	6	5	34	-4	cell = 0 to 7
33	-21	20	-11	16	2	17	1	cell = 8 to 15
38	-12	77	-1	52	-13	47	-13	cell = 16 to 23
56	6	61	-41	58	-3	54	5	cell = 24 to 31
45	-26	17	-7	24	11	65	3	cell = 32 to 39
39	-8	33	-1	30	-30	42	-31	cell = 40 to 47
5	0	46	-47	80	0	28	22	cell = 48 to 55
40	48	29	28	34	-9	-3	-43	cell = 56 to 63
43	-2	72	21	78	-3	42	6	cell = 64 to 71
123	8	48	-21	73	21	48	-41	cell = 72 to 79
17	-13	31	-15	43	4	64	7	cell = 80 to 87
28	-26	27	-32	39	-77	46	-19	cell = 88 to 95
50	-5	23	-59	65	-6	66	-1	cell = 96 to 103
39	-1	54	14	89	-11	53	-19	cell = 104 to 111
54	-8	27	7	45	11	25	-3	cell = 112 to 119
44	-1	44	8	34	-23	59	6	cell = 120 to 127
35	-12	30	-7	17	11	48	29	cell = 128 to 135
58	30	42	13	33	10	44	-6	cell = 136 to 143
46	-1	30	6	39	-14	55	-17	cell = 144 to 151
49	7	58	27	47	12	39	4	cell = 152 to 159
72	1	36	-13	46	-11	69	-54	cell = 160 to 167
45	-7	12	-8	12	18	36	-4	cell = 168 to 175
33	-5	57	-34	86	-64	88	-15	cell = 176 to 183
25	8	52	-12	16	11	10	-35	cell = 184 to 191
14	25	104	-9	65	-6	41	-22	cell = 192 to 199
72	0	12	19	47	-35	15	-10	cell = 200 to 207
65	-30	60	-19	40	5	42	-19	cell = 208 to 215
33	-26	43	5	90	-14	43	-25	cell = 216 to 223
46	5	60	-11	41	21	76	26	cell = 224 to 231
59	-41	26	-32	36	-7	-11	-12	cell = 232 to 239
25	-45	40	-20	27	-14	84	38	cell = 240 to 247
52	-4	54	-56	89	-28	33	-11	cell = 248 to 255
33	-11	52	34	35	6	24	3	cell = 256 to 263
51	-44	57	3	18	1	85	10	cell = 264 to 271
43	-10	61	3	13	-6	40	0	cell = 272 to 279
36	3	7	-25	0	29	24	-25	cell = 280 to 287
20	5	69	24	57	-12	12	10	cell = 288 to 295
48	31	32	-10	38	-3	86	-78	cell = 296 to 303
18	-13	45	-24	48	27	41	9	cell = 304 to 311
49	-30	55	-2	46	8	48	-5	cell = 312 to 319
22	5	33	-22	75	-12	44	59	cell = 320 to 327
46	-2	33	26	-2	-19	50	-26	cell = 328 to 335
79	13	45	-26	58	-14	70	21	cell = 336 to 343
19	7	28	-47	15	-1	87	-25	cell = 344 to 351
32	19	30	-14	8	-15	44	-17	cell = 352 to 359
66	11	51	19	26	14	23	-34	cell = 360 to 367
34	-9	38	-12	26	-21	29	-28	cell = 368 to 375
57	-2	37	2	36	-14	50	-42	cell = 376 to 383
50	-35	-7	-32	51	5	41	29	cell = 384 to 391
37	-4	64	-13	60	-3	58	-4	cell = 392 to 399
103	24	73	-23	60	-7	25	-44	cell = 400 to 407
13	4	60	15	35	-27	43	-44	cell = 408 to 415
63	-42	14	-12	34	-7	64	-10	cell = 416 to 423
61	-16	58	-6	19	-67	90	-12	cell = 424 to 431
61	-7	54	-10	-9	2	55	-12	cell = 432 to 439
60	-16	39	13	13	11	27	-72	cell = 440 to 447
47	-34	37	-19	-2	-25	55	19	cell = 448 to 455
41	3	48	14	22	-24	59	-29	cell = 456 to 463
38	18	95	36	51	6	32	0	cell = 464 to 471
35	8	59	-36	43	5	16	9	cell = 472 to 479
22	-36	30	-11	11	-38	45	2	cell = 480 to 487
59	-26	43	-53	46	-10	37	-20	cell = 488 to 495
10	10	-25	-88	-62	-98	-30	-78	cell = 496 to 503
58	1	59	10	46	-9	50	-17	cell = 504 to 511
-48	-33	-27	-3	-40	-11	-46	-13	cell = 512 to 519
-14	13	-13	-6	-40	-19	-13	-54	cell = 520 to 527
-21	-39	-17	-43	-38	-8	2	-10	cell = 528 to 535
-35	-38	11	-51	-22	0	-51	-38	cell = 536 to 543
-56	-1	-10	-15	-28	-39	-7	17	cell = 544 to 551
-22	-43	9	6	0	-20	-19	-13	cell = 552 to 559
-25	0	-22	-62	6	-56	-24	-26	cell = 560 to 567
-49	1	-30	-33	-32	-32	-29	-45	cell = 568 to 575
-11	-53	-14	2	-24	4	-35	-26	cell = 576 to 583
-42	28	12	-16	5	-10	-56	-16	cell = 584 to 591
0	30	-27	-46	-29	5	-24	-2	cell = 592 to 599
-18	-36	1	-6	-23	-68	-3	11	cell = 600 to 607
-21	-15	-37	-36	-38	-8	1	-19	cell = 608 to 615
-68	-21	9	-16	-12	-22	-17	-14	cell = 616 to 623
-13	-11	-46	-17	3	-32	-9	-18	cell = 624 to 631
-69	-28	-12	-38	10	-30	-36	24	cell = 632 to 639
-50	-11	-25	-4	4	-19	-18	-3	cell = 640 to 647
11	-28	-33	26	-35	-28	-47	24	cell = 648 to 655
-40	10	-36	21	-11	-2	-46	-8	cell = 656 to 663
3	-9	3	-3	4	2	-17	-12	cell = 664 to 671
-4	-74	-44	-6	-30	-21	-16	-11	cell = 672 to 679
-34	-36	-24	8	-20	-6	2	-53	cell = 680 to 687
-25	19	-22	-49	-3	-3	8	-20	cell = 688 to 695
-36	5	-10	-44	-15	-36	-47	-9	cell = 696 to 703
-32	-13	24	-40	-16	3	-13	-43	cell = 704 to 711
-19	-18	-7	-11	-27	-28	18	19	cell = 712 to 719
-14	-9	-44	-34	-15	-41	-18	-45	cell = 720 to 727
-1	-28	-12	10	-16	-12	-31	-28	cell = 728 to 735
-42	-31	-15	2	-8	-7	-49	-16	cell = 736 to 743
-16	-26	-32	-5	3	-10	-28	-14	cell = 744 to 751
0	9	-12	0	-39	-28	-36	27	cell = 752 to 759
-26	-33	-11	6	5	-7	-64	-6	cell = 760 to 767
-21	7	-33	-5	-32	-15	-34	-22	cell = 768 to 775
-19	-10	-8	-17	-14	-9	-25	-23	cell = 776 to 783
-11	26	16	11	-1	-16	-51	-46	cell = 784 to 791
-5	-4	-13	-11	-30	-8	-34	3	cell = 792 to 799
-32	-65	-38	-23	18	-12	1	-30	cell = 800 to 807
16	18	-27	36	-4	-7	-54	-19	cell = 808 to 815
-3	-21	-16	-22	-18	7	-20	-45	cell = 816 to 823
-46	26	-25	7	-24	-31	-10	-24	cell = 824 to 831
16	-41	-50	-11	6	-29	-16	5	cell = 832 to 839
-9	-46	-36	-57	22	-1	-33	-20	cell = 840 to 847
-26	10	-29	3	8	14	-34	-4	cell = 848 to 855
-6	-1	-6	-2	11	39	-39	-38	cell = 856 to 863
-7	-9	-7	-36	-3	3	-3	-8	cell = 864 to 871
3	-14	-27	-31	-47	-8	-46	-40	cell = 872 to 879
16	-15	-44	-13	-19	-19	-28	23	cell = 880 to 887
29	-25	-18	-41	-25	-46	-14	-39	cell = 888 to 895
-67	38	-35	-9	28	-13	-23	-39	cell = 896 to 903
32	-3	-56	5	-4	-11	-32	-12	cell = 904 to 911
-39	13	-42	-7	-8	-3	10	-32	cell = 912 to 919
-31	34	-11	28	-5	-1	-31	12	cell = 920 to 927
-23	-25	-27	-13	-14	23	-42	-31	cell = 928 to 935
-12	-56	-4	13	-41	-64	-24	-19	cell = 936 to 943
17	-45	-47	-21	-29	8	3	-17	cell = 944 to 951
-15	-23	4	4	-26	21	-10	-30	cell = 952 to 959
-21	-42	-36	-20	-16	-19	8	-8	cell = 960 to 967
6	-37	-31	6	-31	2	-9	-16	cell = 968 to 975
-17	-5	-4	-37	-16	-6	-32	-11	cell = 976 to 983
-38	-23	-12	-8	-40	-32	-9	0	cell = 984 to 991
-14	-25	11	-38	-57	-12	-14	-3	cell = 992 to 999
5	3	-27	-21	-31	25	5	-9	cell = 1000 to 1007
-14	-2	-41	-44	-36	-33	5	-13	cell = 1008 to 1015
-20	-27	-31	-4	-6	21	-27	-17	cell = 1016 to 1023
Calibration values from cell 0 to 1024 for channel 3:

59	-30	40	5	28	-14	65	-49	cell = 0 to 7
18	-12	26	44	56	19	28	-13	cell = 8 to 15
44	2	13	-40	52	4	19	-11	cell = 16 to 23
39	-6	28	22	-13	6	60	-38	cell = 24 to 31
44	-21	35	-30	41	6	34	8	cell = 32 to 39
40	2	27	-17	27	20	32	40	cell = 40 to 47
8	-44	11	-22	36	33	12	32	cell = 48 to 55
37	-8	31	28	31	-10	16	0	cell = 56 to 63
56	19	13	9	15	-29	9	29	cell = 64 to 71
77	-5	40	27	40	-38	49	3	cell = 72 to 79
25	22	15	-1	62	-23	45	13	cell = 80 to 87
41	-21	53	-16	34	-16	3	-7	cell = 88 to 95
47	-20	42	-14	35	-8	37	11	cell = 96 to 103
28	-4	37	-7	56	3	0	-20	cell = 104 to 111
84	-8	17	14	23	-15	64	29	cell = 112 to 119
47	-14	27	-10	23	-41	24	-3	cell = 120 to 127
42	-56	68	-30	106	-21	22	0	cell = 128 to 135
16	30	72	-27	76	-19	75	0	cell = 136 to 143
41	-22	67	-12	52	23	56	-10	cell = 144 to 151
73	-10	35	-24	15	-46	8	12	cell = 152 to 159
39	-36	57	23	16	-32	61	-24	cell = 160 to 167
33	-20	46	0	60	-7	23	-8	cell = 168 to 175
98	-9	44	3	29	40	66	17	cell = 176 to 183
35	-1	54	-18	31	27	42	-13	cell = 184 to 191
36	-9	47	0	43	37	48	30	cell = 192 to 199
32	7	66	15	52	3	93	-39	cell = 200 to 207
47	-2	29	-11	89	-46	32	-12	cell = 208 to 215
28	20	9	-20	59	-19	55	-9	cell = 216 to 223
46	9	58	-64	6	3	25	-14	cell = 224 to 231
52	10	26	-20	14	-9	60	-35	cell = 232 to 239
9	-40	31	-8	64	0	71	12	cell = 240 to 247
46	-7	5	35	48	-28	30	-7	cell = 248 to 255
22	35	37	-21	46	-18	71	22	cell = 256 to 263
31	-7	23	-13	41	9	75	47	cell = 264 to 271
42	-36	33	-30	33	24	63	-2	cell = 272 to 279
1	7	59	5	5	-11	61	4	cell = 280 to 287
31	12	29	-19	10	-21	49	7	cell = 288 to 295
35	5	51	9	35	-19	48	16	cell = 296 to 303
44	-22	32	16	27	-15	63	-28	cell = 304 to 311
69	20	27	8	3	-3	33	0	cell = 312 to 319
82	-14	27	9	51	-43	57	33	cell = 320 to 327
63	0	69	-32	28	2	44	-5	cell = 328 to 335
29	-15	32	-4	0	-7	45	-2	cell = 336 to 343
46	-12	54	-30	56	-40	47	-4	cell = 344 to 351
56	-25	74	-25	26	-19	12	-33	cell = 352 to 359
33	1	45	16	64	-6	43	19	cell = 360 to 367
48	3	49	6	48	12	24	5	cell = 368 to 375
53	3	53	3	51	32	38	-62	cell = 376 to 383
67	-27	3	-58	40	-16	59	-15	cell = 384 to 391
21	8	43	-10	77	17	51	-34	cell = 392 to 399
21	-2	36	10	76	-13	56	-22	cell = 400 to 407
43	9	28	36	31	-4	20	11	cell = 408 to 415
66	-23	15	-31	33	-17	43	-43	cell = 416 to 423
-4	-24	9	32	36	37	33	-38	cell = 424 to 431
21	-5	71	-22	23	17	56	29	cell = 432 to 439
36	-18	46	-18	15	-35	6	9	cell = 440 to 447
22	35	41	34	78	-4	40	-9	cell = 448 to 455
69	-30	24	-38	37	-57	19	13	cell = 456 to 463
42	-45	-35	-3	43	39	65	13	cell = 464 to 471
25	36	61	-45	17	8	36	-28	cell = 472 to 479
50	-50	31	-53	32	8	43	-17	cell = 480 to 487
59	-15	11	-23	25	4	4	-7	cell = 488 to 495
39	-36	-22	-60	-23	-93	-22	-122	cell = 496 to 503
55	29	62	-11	42	-19	23	2	cell = 504 to 511
-27	-18	-38	-18	-24	-24	-45	11	cell = 512 to 519
-50	-3	-39	-56	-51	26	-39	-16	cell = 520 to 527
-16	-28	-15	13	-49	11	-41	-6	cell = 528 to 535
-50	-10	-4	-6	-25	-34	-45	23	cell = 536 to 543
14	-23	-17	-33	-14	-13	-50	-31	cell = 544 to 551
2	0	-17	8	-11	-12	-67	10	cell = 552 to 559
-41	-8	-69	-1	11	-19	-12	2	cell = 560 to 567
-59	-41	-3	-28	-51	-38	-17	-18	cell = 568 to 575
-16	-43	-51	-36	25	-73	-36	-13	cell = 576 to 583
-10	2	11	1	10	-26	-26	14	cell = 584 to 591
-30	16	-32	3	-22	43	-33	-6	cell = 592 to 599
-34	8	-15	-3	-57	8	-34	10	cell = 600 to 607
-42	-26	-25	-55	-49	-8	-48	-19	cell = 608 to 615
-31	-5	-37	-31	-45	-4	-22	-23	cell = 616 to 623
-31	17	-12	-3	-37	-50	-28	12	cell = 624 to 631
-39	-30	-71	-25	1	-41	-13	-22	cell = 632 to 639
-9	-52	-22	-30	18	-16	-50	-40	cell = 640 to 647
-17	21	-41	-6	-8	-4	-22	-13	cell = 648 to 655
-17	-5	-31	-14	-21	-9	-3	32	cell = 656 to 663
-6	-26	-20	23	-44	11	-9	-9	cell = 664 to 671
-13	15	-39	2	-29	-6	-41	-49	cell = 672 to 679
-18	13	-8	10	-28	-11	-22	8	cell = 680 to 687
-32	-11	-47	9	-36	35	-32	25	cell = 688 to 695
4	-29	-9	-13	6	-37	-14	2	cell = 696 to 703
-29	16	-38	-29	-36	0	6	-38	cell = 704 to 711
-1	-4	-41	-4	-43	-8	-20	-35	cell = 712 to 719
-34	6	-39	7	-12	4	-22	-20	cell = 720 to 727
14	-53	9	-41	-15	-30	-25	10	cell = 728 to 735
0	-30	-47	18	-14	-68	-27	-30	cell = 736 to 743
-29	8	-7	-27	-28	-41	-9	-41	cell = 744 to 751
-4	-19	-50	-7	-34	-26	-3	-24	cell = 752 to 759
11	-43	-49	-17	-6	-10	-20	5	cell = 760 to 767
-29	7	-33	-20	-38	-1	-46	5	cell = 768 to 775
-17	12	-51	-22	-16	-15	-2	-10	cell = 776 to 783
13	-2	-4	-2	-28	12	-20	-37	cell = 784 to 791
7	-10	-70	-34	5	-17	-21	17	cell = 792 to 799
-31	-18	-37	13	-30	3	-30	4	cell = 800 to 807
-50	13	-62	-38	8	-2	-36	-43	cell = 808 to 815
-19	-18	33	12	-21	-16	-3	-24	cell = 816 to 823
-47	-12	-38	26	-47	27	-25	-20	cell = 824 to 831
-28	-11	-33	-30	-18	0	20	12	cell = 832 to 839
5	10	-25	31	-29	11	21	3	cell = 840 to 847
-29	13	-46	-16	1	-31	-42	-15	cell = 848 to 855
54	-2	-15	-16	13	0	-16	1	cell = 856 to 863
-43	-29	1	-16	-37	-3	-13	-24	cell = 864 to 871
27	-4	-47	27	-18	-46	-40	-34	cell = 872 to 879
-29	-33	-76	-19	-38	-18	-41	-4	cell = 880 to 887
12	2	-17	-12	-10	-21	-13	-15	cell = 888 to 895
-28	-18	0	-14	-65	-7	-33	3	cell = 896 to 903
-14	25	-25	16	7	-38	-3	39	cell = 904 to 911
-4	-21	5	-23	11	-33	-15	-2	cell = 912 to 919
-5	13	-16	-18	33	-21	-6	-27	cell = 920 to 927
-2	21	-48	-12	-21	2	-54	2	cell = 928 to 935
-8	-14	-19	-24	-16	9	0	11	cell = 936 to 943
-42	-29	-47	17	-12	6	-5	2	cell = 944 to 951
-41	5	-27	12	0	-27	-53	-34	cell = 952 to 959
-8	14	5	-3	6	-7	13	-16	cell = 960 to 967
-40	-29	-17	16	-29	-11	20	0	cell = 968 to 975
27	4	-16	9	-18	-25	-67	1	cell = 976 to 983
-43	24	-21	-1	-16	-2	-4	-27	cell = 984 to 991
-9	-31	-28	14	2	4	7	10	cell = 992 to 999
-2	-17	-39	-40	-24	-22	-35	4	cell = 1000 to 1007
-17	-5	0	-42	-33	-45	-33	-30	cell = 1008 to 1015
8	-30	-39	3	-2	-49	-26	-46	cell = 1016 to 1023
Calibration values from cell 0 to 1024 for channel 4:

46	-19	18	26	28	-29	56	-21	cell = 0 to 7
51	14	51	-8	34	-32	43	-2	cell = 8 to 15
97	23	20	12	51	-15	39	-6	cell = 16 to 23
54	-23	39	12	19	11	55	-21	cell = 24 to 31
37	-21	60	-6	52	-30	47	7	cell = 32 to 39
15	10	-9	-5	37	20	13	23	cell = 40 to 47
58	-3	48	-30	43	-16	70	18	cell = 48 to 55
61	4	66	47	99	11	44	-31	cell = 56 to 63
59	27	19	2	39	16	51	1	cell = 64 to 71
60	-20	36	24	44	-6	82	-12	cell = 72 to 79
36	32	1	14	58	-9	45	-6	cell = 80 to 87
50	1	19	5	51	-9	34	-11	cell = 88 to 95
46	31	47	15	32	-2	37	-14	cell = 96 to 103
63	10	38	-1	51	-16	45	-21	cell = 104 to 111
58	-8	62	11	37	-19	54	15	cell = 112 to 119
94	22	45	-12	41	16	52	11	cell = 120 to 127
64	-23	30	21	20	13	53	-15	cell = 128 to 135
48	12	25	-16	29	-9	39	-27	cell = 136 to 143
65	-27	18	-12	48	-12	37	-14	cell = 144 to 151
88	-11	7	13	55	-35	33	-47	cell = 152 to 159
38	9	36	12	48	-8	55	-5	cell = 160 to 167
60	10	29	-1	68	52	47	3	cell = 168 to 175
70	-19	43	-20	17	-15	18	9	cell = 176 to 183
31	2	5	-26	40	-24	32	-16	cell = 184 to 191
107	6	38	-5	65	-48	45	-2	cell = 192 to 199
59	14	18	17	-15	-14	40	-8	cell = 200 to 207
68	-14	59	-29	60	-9	23	8	cell = 208 to 215
45	22	44	8	91	13	24	33	cell = 216 to 223
45	17	53	-12	40	-3	0	-25	cell = 224 to 231
66	11	20	-21	5	6	64	14	cell = 232 to 239
74	-14	12	-13	15	7	24	14	cell = 240 to 247
50	-36	21	-57	64	15	25	-52	cell = 248 to 255
65	-13	65	10	17	-9	-5	-4	cell = 256 to 263
37	-9	16	-11	30	-20	45	5	cell = 264 to 271
12	2	39	-23	17	-26	47	-19	cell = 272 to 279
36	-40	38	17	38	31	16	-6	cell = 280 to 287
17	-5	37	11	34	-2	38	34	cell = 288 to 295
44	26	52	-7	72	-23	70	-2	cell = 296 to 303
19	49	23	22	57	12	32	15	cell = 304 to 311
24	10	55	-14	30	-18	33	-8	cell = 312 to 319
53	38	54	-21	60	-23	58	-22	cell = 320 to 327
47	5	31	-5	46	11	41	-22	cell = 328 to 335
44	29	4	-23	22	-20	30	-21	cell = 336 to 343
63	-17	68	0	15	4	67	-3	cell = 344 to 351
36	15	26	-47	62	-46	27	16	cell = 352 to 359
19	39	50	21	32	-9	33	-9	cell = 360 to 367
13	-13	71	-9	46	-16	8	-6	cell = 368 to 375
39	18	35	0	57	8	40	10	cell = 376 to 383
59	13	47	-35	55	0	9	-1	cell = 384 to 391
37	-15	27	2	58	-3	61	5	cell = 392 to 399
19	-14	42	4	35	-28	6	11	cell = 400 to 407
51	-18	23	-14	38	11	8	17	cell = 408 to 415
18	25	71	-5	13	-4	39	12	cell = 416 to 423
88	-19	57	-5	65	-34	34	-11	cell = 424 to 431
3	-19	26	0	65	18	5	3	cell = 432 to 439
-4	0	34	14	38	-37	0	-6	cell = 440 to 447
-18	-2	59	-8	34	-5	31	7	cell = 448 to 455
30	-18	35	33	85	11	41	-10	cell = 456 to 463
4	-15	13	11	10	0	-24	-54	cell = 464 to 471
49	-30	39	-49	67	1	82	-21	cell = 472 to 479
41	-39	49	-23	54	18	56	-38	cell = 480 to 487
55	-12	-1	-6	61	1	17	8	cell = 488 to 495
75	-38	-16	-94	0	-88	-32	-93	cell = 496 to 503
62	-19	15	21	24	-20	54	-10	cell = 504 to 511
-13	-24	-20	16	-62	21	-13	15	cell = 512 to 519
-23	-23	25	-6	-4	-4	-44	4	cell = 520 to 527
-14	22	-53	22	24	-26	13	-24	cell = 528 to 535
-36	-7	-39	-22	-20	-16	-22	-14	cell = 536 to 543
-35	-49	-60	-23	-37	-6	-17	-32	cell = 544 to 551
7	-15	18	-22	-43	14	27	-45	cell = 552 to 559
-27	-18	-14	-22	-11	-18	-24	-23	cell = 560 to 567
-6	-4	-38	-19	-16	8	-15	-80	cell = 568 to 575
-48	-31	1	7	-6	-8	-23	-2	cell = 576 to 583
-2	-25	-25	-58	2	23	8	-7	cell = 584 to 591
-11	-22	-3	-33	-52	-16	-7	-10	cell = 592 to 599
-53	3	-18	-41	-27	-35	-64	-20	cell = 600 to 607
-2	-53	-64	-37	-20	-45	-24	-4	cell = 608 to 615
-18	13	-6	-47	-29	-9	-19	13	cell = 616 to 623
-2	-27	-22	-95	-5	29	-24	6	cell = 624 to 631
4	15	-34	-35	-61	15	-32	-43	cell = 632 to 639
-12	0	-8	-26	13	-11	-27	-4	cell = 640 to 647
5	19	-11	-12	-52	-11	-11	-31	cell = 648 to 655
-10	-13	19	-50	-54	-23	1	-15	cell = 656 to 663
-3	-16	-19	-34	-4	35	-29	-36	cell = 664 to 671
-13	-8	-10	-8	-26	-45	-7	-2	cell = 672 to 679
-33	-38	-38	9	-59	-46	-10	-48	cell = 680 to 687
-34	-11	-45	-37	-75	-18	-40	10	cell = 688 to 695
-16	-51	-25	-34	3	-5	-14	-40	cell = 696 to 703
-29	-22	-58	3	-55	-27	-23	0	cell = 704 to 711
-31	-15	23	-8	-34	-9	-25	-22	cell = 712 to 719
-44	15	7	-13	-45	-13	-42	8	cell = 720 to 727
-17	-10	-30	-23	-17	36	-4	-12	cell = 728 to 735
-22	-7	-28	-27	32	27	-9	-68	cell = 736 to 743
0	-14	0	-43	9	-20	3	1	cell = 744 to 751
5	-20	-17	-32	-9	21	-5	4	cell = 752 to 759
-22	-21	-39	-30	-41	-13	-10	-51	cell = 760 to 767
-34	-9	28	-23	-30	-9	-26	-13	cell = 768 to 775
-38	-28	-44	-8	-50	-42	-33	18	cell = 776 to 783
-11	3	-20	-21	-48	-34	-22	-38	cell = 784 to 791
-24	-45	-7	-16	5	-34	-43	-36	cell = 792 to 799
-22	-17	-6	0	10	-28	-40	-19	cell = 800 to 807
24	6	-40	-25	-31	6	-4	7	cell = 808 to 815
-67	17	-13	-33	-24	-25	-15	-2	cell = 816 to 823
-16	-10	-48	-45	-23	-22	-27	-23	cell = 824 to 831
-78	-25	-9	-21	11	-11	-15	20	cell = 832 to 839
1	-38	-44	30	-20	-25	-6	7	cell = 840 to 847
-15	-2	-28	15	-9	-68	16	-5	cell = 848 to 855
-15	-6	-52	-33	0	-28	-25	-30	cell = 856 to 863
-33	-39	17	-23	-26	-35	-14	8	cell = 864 to 871
0	-10	-10	17	-18	16	-17	18	cell = 872 to 879
-52	-44	-15	-12	-9	-1	-23	-36	cell = 880 to 887
12	50	-9	-51	-8	-10	-42	-22	cell = 888 to 895
-30	-46	-26	-26	15	-20	-22	-10	cell = 896 to 903
-32	-11	28	-31	-12	-13	-47	-57	cell = 904 to 911
-14	-20	9	-20	11	-82	-8	-28	cell = 912 to 919
-15	-4	1	-26	-7	-18	-14	-2	cell = 920 to 927
-35	0	-20	6	-1	5	-11	2	cell = 928 to 935
-77	-33	-28	-37	-66	11	-73	32	cell = 936 to 943
-9	-50	-6	3	-11	15	-36	-9	cell = 944 to 951
-15	-15	-31	-16	-39	-33	8	-40	cell = 952 to 959
-38	-3	-2	0	-14	-2	-31	18	cell = 960 to 967
-22	-16	-25	-40	-30	-24	8	-8	cell = 968 to 975
12	7	25	-19	-50	-17	-31	-25	cell = 976 to 983
-26	-19	-31	-55	-7	12	-27	10	cell = 984 to 991
-53	-2	-69	-43	-46	0	-23	-5	cell = 992 to 999
-15	-3	-16	-57	6	-40	0	19	cell = 1000 to 1007
9	-5	-38	-33	-9	-29	-56	-15	cell = 1008 to 1015
0	3	-37	12	25	-14	8	-32	cell = 1016 to 1023
Calibration values from cell 0 to 1024 for channel 5:

55	9	25	21	45	24	56	17	cell = 0 to 7
28	-15	30	-25	6	23	89	-19	cell = 8 to 15
38	7	26	-31	26	-47	55	1	cell = 16 to 23
47	-9	43	15	28	-31	9	-9	cell = 24 to 31
68	22	51	-8	47	-17	29	-22	cell = 32 to 39
26	13	6	12	33	6	49	5	cell = 40 to 47
33	-25	41	-10	42	-33	64	-20	cell = 48 to 55
54	-22	46	-15	14	-11	6	1	cell = 56 to 63
45	-18	49	5	41	7	54	-6	cell = 64 to 71
60	17	8	-13	54	23	27	35	cell = 72 to 79
67	-36	38	-16	75	-28	9	33	cell = 80 to 87
52	-26	62	17	20	-1	69	-28	cell = 88 to 95
33	38	59	46	41	11	8	-3	cell = 96 to 103
47	-17	64	-1	25	-15	24	5	cell = 104 to 111
47	10	72	10	58	-28	13	9	cell = 112 to 119
45	-19	34	0	42	-6	60	-16	cell = 120 to 127
86	-31	69	-10	55	-9	20	-25	cell = 128 to 135
26	-12	65	-12	66	-26	65	3	cell = 136 to 143
35	-24	21	-6	23	-42	30	-7	cell = 144 to 151
54	-14	29	6	53	-17	18	30	cell = 152 to 159
33	9	44	8	22	-21	55	20	cell = 160 to 167
42	28	67	-11	16	9	-3	-17	cell = 168 to 175
48	-5	55	-48	38	-19	40	3	cell = 176 to 183
45	43	78	-25	20	50	65	-3	cell = 184 to 191
57	3	31	-26	24	-6	29	6	cell = 192 to 199
51	-22	61	6	13	-5	27	-25	cell = 200 to 207
51	-13	24	30	92	-24	54	-49	cell = 208 to 215
23	-26	42	14	35	20	55	20	cell = 216 to 223
38	23	59	9	23	6	37	-21	cell = 224 to 231
17	-19	47	-12	3	6	53	-5	cell = 232 to 239
34	-36	34	0	34	-27	80	-33	cell = 240 to 247
89	-7	-4	-16	49	14	-9	-34	cell = 248 to 255
52	-10	65	-7	52	-5	43	-7	cell = 256 to 263
93	18	46	-14	13	-13	49	12	cell = 264 to 271
26	-2	63	1	81	13	76	-10	cell = 272 to 279
65	-4	68	-68	35	-30	2	-22	cell = 280 to 287
33	-49	36	18	46	-22	9	10	cell = 288 to 295
54	-11	41	-1	17	-1	35	-18	cell = 296 to 303
48	31	40	4	30	22	47	13	cell = 304 to 311
23	-22	51	-6	23	-36	11	-16	cell = 312 to 319
39	-28	45	4	20	-4	26	-12	cell = 320 to 327
62	0	37	-9	64	-36	93	-38	cell = 328 to 335
40	-30	35	-21	48	-2	36	-54	cell = 336 to 343
17	29	63	-17	38	-33	0	-2	cell = 344 to 351
54	-5	76	4	96	-32	47	3	cell = 352 to 359
37	-10	44	-3	12	-29	51	-4	cell = 360 to 367
21	1	67	7	46	-36	47	-14	cell = 368 to 375
52	27	40	10	-3	1	-39	-4	cell = 376 to 383
23	-49	72	36	74	5	18	-11	cell = 384 to 391
53	32	52	-17	54	-19	40	-1	cell = 392 to 399
26	-17	69	2	49	-9	59	-8	cell = 400 to 407
17	-5	55	-3	63	-21	62	-30	cell = 408 to 415
72	34	30	15	37	25	69	4	cell = 416 to 423
53	-44	47	24	24	-24	1	-5	cell = 424 to 431
29	-5	79	10	-29	-9	32	-32	cell = 432 to 439
50	6	40	9	30	-9	64	3	cell = 440 to 447
38	20	37	14	52	12	47	21	cell = 448 to 455
23	-16	46	-34	37	-32	22	-41	cell = 456 to 463
70	3	12	-17	50	-60	16	49	cell = 464 to 471
31	-33	80	-6	25	9	46	-14	cell = 472 to 479
39	10	70	-5	38	3	20	2	cell = 480 to 487
22	-17	1	4	79	17	17	-33	cell = 488 to 495
61	-12	-27	-77	-31	-77	-28	-64	cell = 496 to 503
24	19	95	-32	33	3	49	9	cell = 504 to 511
-19	-34	-31	-30	-34	-24	-28	-25	cell = 512 to 519
-32	-53	-14	-23	-9	10	-35	-5	cell = 520 to 527
-13	31	0	-8	-17	-19	-30	1	cell = 528 to 535
-35	-61	-36	3	-30	-57	4	30	cell = 536 to 543
-7	-40	-18	10	-14	-22	0	-11	cell = 544 to 551
-1	-36	-15	0	-39	-4	-2	-22	cell = 552 to 559
-25	-12	21	-33	-38	-15	-60	21	cell = 560 to 567
-48	-13	-38	-1	-27	-3	-22	2	cell = 568 to 575
-61	8	-4	-7	-29	9	-20	-41	cell = 576 to 583
-43	12	-2	-1	-55	-15	-23	-20	cell = 584 to 591
4	-33	-2	-13	-10	7	-17	-23	cell = 592 to 599
-28	3	-72	7	-15	-4	-15	-8	cell = 600 to 607
-27	-32	-30	-19	-50	-6	-16	-23	cell = 608 to 615
-17	-25	6	-21	3	-2	-24	-39	cell = 616 to 623
7	-27	-28	-37	-17	6	5	8	cell = 624 to 631
-5	-10	-49	-41	-70	-42	-56	4	cell = 632 to 639
-6	-34	-22	-20	-22	-31	37	-54	cell = 640 to 647
5	-16	-28	-55	-25	16	-25	1	cell = 648 to 655
-33	-56	-17	-7	6	7	-1	-6	cell = 656 to 663
-36	-10	-20	0	-10	-6	-8	-35	cell = 664 to 671
5	-4	15	11	0	-24	-51	14	cell = 672 to 679
-15	-19	4	-4	-17	-37	-17	20	cell = 680 to 687
-12	-48	-34	-10	-33	-43	-54	-19	cell = 688 to 695
-26	-61	12	-27	-43	9	24	-26	cell = 696 to 703
-3	25	-45	-64	-45	1	-62	1	cell = 704 to 711
-80	2	31	17	-10	-34	14	-39	cell = 712 to 719
-9	-18	-27	-12	-12	20	-9	-23	cell = 720 to 727
-57	-13	-47	-19	-30	-27	-32	-1	cell = 728 to 735
-30	-39	-17	-33	12	5	-52	-20	cell = 736 to 743
-37	-27	-50	-25	18	52	-42	16	cell = 744 to 751
1	-19	-29	6	-43	-66	-36	-55	cell = 752 to 759
11	24	-18	13	-35	-54	-16	-4	cell = 760 to 767
1	7	-36	-31	-40	37	8	-51	cell = 768 to 775
-4	-22	29	-51	-36	-19	-29	-18	cell = 776 to 783
-31	16	-71	5	-19	-32	-29	-1	cell = 784 to 791
-45	-49	-16	-33	-15	-24	-20	20	cell = 792 to 799
-50	-7	-21	-19	-53	-20	-54	-57	cell = 800 to 807
-7	-11	-4	1	-31	-24	-19	9	cell = 808 to 815
27	-25	17	-23	-5	3	-24	-11	cell = 816 to 823
4	-44	-35	12	-14	-41	14	-15	cell = 824 to 831
-17	8	2	-13	-37	16	0	13	cell = 832 to 839
2	21	-50	4	-17	-16	5	9	cell = 840 to 847
-19	-35	-40	26	-15	-23	-28	6	cell = 848 to 855
-8	4	-27	-36	-26	-2	-35	-11	cell = 856 to 863
-50	-27	-47	-45	10	-26	-14	-31	cell = 864 to 871
-32	-16	-18	15	-22	-15	-5	-2	cell = 872 to 879
-16	-13	-22	-25	-31	-38	-34	-32	cell = 880 to 887
8	11	-13	-30	-8	8	-48	-21	cell = 888 to 895
-41	-33	-35	10	-16	-10	-18	-7	cell = 896 to 903
-39	-4	-17	8	-15	-41	-28	-17	cell = 904 to 911
4	-41	-28	-6	-22	-22	-19	-41	cell = 912 to 919
-12	-33	-16	-39	14	6	-32	-14	cell = 920 to 927
-30	-5	-24	8	-49	-59	-10	12	cell = 928 to 935
-19	-11	16	-27	25	-30	-10	-28	cell = 936 to 943
0	21	11	-14	20	-43	-18	46	cell = 944 to 951
-34	-3	-12	-19	-53	21	-33	16	cell = 952 to 959
4	9	-24	-16	-3	-35	-37	-45	cell = 960 to 967
-50	-44	-11	14	-25	-29	-4	-4	cell = 968 to 975
-1	-13	-22	-30	-28	15	-20	-10	cell = 976 to 983
-19	5	-50	-20	14	-3	4	-52	cell = 984 to 991
-46	6	-40	-1	-14	2	-29	-18	cell = 992 to 999
-26	-8	-12	-9	-23	33	-59	-32	cell = 1000 to 1007
-26	-25	1	-29	-27	-18	-8	-19	cell = 1008 to 1015
-17	-14	-25	6	-17	-37	-27	-24	cell = 1016 to 1023
Calibration values from cell 0 to 1024 for channel 6:

56	7	33	11	27	-29	11	-5	cell = 0 to 7
42	-9	16	23	41	19	67	-19	cell = 8 to 15
56	32	26	-41	20	-26	64	-41	cell = 16 to 23
33	11	44	13	47	-10	39	-28	cell = 24 to 31
56	10	48	-21	35	0	21	10	cell = 32 to 39
19	20	22	0	52	-25	44	-6	cell = 40 to 47
47	2	24	26	0	26	38	12	cell = 48 to 55
46	-3	19	-10	-4	19	49	-14	cell = 56 to 63
31	15	34	11	27	2	73	-34	cell = 64 to 71
40	19	31	-10	45	1	61	41	cell = 72 to 79
85	0	49	-27	77	7	68	-20	cell = 80 to 87
48	-37	48	-25	18	-28	67	10	cell = 88 to 95
37	-9	41	5	45	-39	3	-3	cell = 96 to 103
72	3	2	-16	70	3	66	-45	cell = 104 to 111
60	-26	39	11	52	17	80	-33	cell = 112 to 119
33	6	46	-12	28	-16	17	0	cell = 120 to 127
37	-34	51	-9	56	-26	38	9	cell = 128 to 135
41	-28	25	-32	54	15	56	11	cell = 136 to 143
36	-15	23	-16	12	-15	38	-17	cell = 144 to 151
55	-31	79	-3	18	-26	80	0	cell = 152 to 159
77	10	59	-4	70	-29	32	-8	cell = 160 to 167
50	0	15	23	85	-14	9	-3	cell = 168 to 175
56	-22	67	13	34	-24	24	30	cell = 176 to 183
31	18	59	8	57	11	36	-23	cell = 184 to 191
16	22	85	4	55	21	68	-30	cell = 192 to 199
31	-26	-6	-32	23	0	63	-11	cell = 200 to 207
50	5	34	21	78	-9	63	-15	cell = 208 to 215
30	33	51	-20	45	-3	54	-32	cell = 216 to 223
58	26	63	-25	13	-9	32	-43	cell = 224 to 231
28	35	49	-8	19	-20	71	27	cell = 232 to 239
35	-25	54	10	27	0	45	-39	cell = 240 to 247
46	-11	67	27	83	-27	76	-12	cell = 248 to 255
-27	-1	49	-8	25	-7	45	24	cell = 256 to 263
31	-18	57	15	33	-22	75	-44	cell = 264 to 271
37	5	27	15	49	-22	47	-13	cell = 272 to 279
25	12	49	-14	37	-1	58	-18	cell = 280 to 287
59	-8	3	2	63	-29	42	-19	cell = 288 to 295
28	-7	28	10	59	-9	51	-33	cell = 296 to 303
5	11	25	-6	19	-4	50	-23	cell = 304 to 311
12	-41	21	-24	24	1	23	6	cell = 312 to 319
42	7	3	4	35	-17	42	-5	cell = 320 to 327
-5	0	50	0	12	6	73	4	cell = 328 to 335
47	-14	43	-9	37	-13	44	-26	cell = 336 to 343
34	3	56	11	14	-35	2	-34	cell = 344 to 351
44	20	62	45	41	-26	23	-11	cell = 352 to 359
67	3	61	1	40	-3	45	-5	cell = 360 to 367
63	20	51	-20	43	-9	-8	30	cell = 368 to 375
11	15	18	-18	71	-7	49	-29	cell = 376 to 383
62	-39	6	2	21	-47	70	12	cell = 384 to 391
40	-18	31	4	66	11	20	28	cell = 392 to 399
36	-5	50	-2	44	-16	13	-7	cell = 400 to 407
42	4	37	7	13	21	87	24	cell = 408 to 415
-18	14	46	35	73	-43	65	17	cell = 416 to 423
3	-1	35	-11	46	-2	43	-46	cell = 424 to 431
17	-19	0	-19	46	20	18	17	cell = 432 to 439
32	22	42	-15	38	-19	47	-34	cell = 440 to 447
52	44	7	25	63	-35	12	3	cell = 448 to 455
53	-4	66	5	68	-11	30	-25	cell = 456 to 463
48	-40	3	-15	38	-21	33	16	cell = 464 to 471
78	0	36	-9	13	13	34	-56	cell = 472 to 479
33	-21	84	24	51	-21	12	-13	cell = 480 to 487
33	-18	30	-37	50	14	37	-2	cell = 488 to 495
33	19	-97	-72	-37	-91	-37	-49	cell = 496 to 503
32	-17	34	-22	51	-58	20	-9	cell = 504 to 511
-59	-4	-49	-38	0	-8	-12	-32	cell = 512 to 519
-50	30	1	-10	-13	-9	-41	9	cell = 520 to 527
-10	-7	-8	-3	-23	-51	-64	-19	cell = 528 to 535
-4	-27	-12	21	-9	-8	-34	-13	cell = 536 to 543
23	-36	-17	-27	-7	18	-23	-47	cell = 544 to 551
-37	-27	-1	-16	-7	-38	-1	-31	cell = 552 to 559
14	-14	-72	-11	-12	-10	-30	23	cell = 560 to 567
-40	-69	-43	-43	-33	-35	2	9	cell = 568 to 575
-41	-40	-56	-7	-37	4	-10	-24	cell = 576 to 583
-10	-16	-24	26	-26	-46	-12	-20	cell = 584 to 591
-23	-10	-22	9	-12	8	-70	-14	cell = 592 to 599
2	-3	38	-76	-55	-51	-28	-14	cell = 600 to 607
-16	-8	3	-5	-63	-42	-21	9	cell = 608 to 615
-4	3	1	-41	-33	31	-42	-1	cell = 616 to 623
-26	26	-6	-15	-22	-24	-27	-58	cell = 624 to 631
-21	3	-62	-22	-24	-17	-63	2	cell = 632 to 639
-7	-34	-65	1	-3	-28	-10	-7	cell = 640 to 647
4	-9	-31	-25	17	11	-30	-57	cell = 648 to 655
-50	11	26	-76	-26	-33	-27	-39	cell = 656 to 663
-4	-16	-17	-10	-8	28	-36	-14	cell = 664 to 671
17	21	-11	-13	-34	-35	-4	-38	cell = 672 to 679
-47	17	-25	5	-40	-35	-25	-34	cell = 680 to 687
-15	-13	-5	2	-32	-14	-10	3	cell = 688 to 695
6	-35	-8	-14	-28	-29	-17	2	cell = 696 to 703
0	-5	-17	-7	-30	7	12	-24	cell = 704 to 711
-14	15	-22	-24	-17	-5	-19	8	cell = 712 to 719
-10	78	-21	5	-48	5	-35	7	cell = 720 to 727
-26	23	-31	24	-10	3	-28	5	cell = 728 to 735
-39	9	3	6	-43	-72	-17	7	cell = 736 to 743
14	10	-12	2	-9	12	-11	-39	cell = 744 to 751
21	-6	16	-14	-9	-9	-50	-6	cell = 752 to 759
-15	29	-38	-51	-3	-26	5	8	cell = 760 to 767
-35	-22	-24	15	-43	19	-22	-46	cell = 768 to 775
-62	-14	-18	14	-26	-11	-20	1	cell = 776 to 783
-9	-39	6	-32	3	14	6	-12	cell = 784 to 791
-4	45	-41	-5	1	-18	-17	-15	cell = 792 to 799
-1	-14	-22	-26	-14	-20	-27	-31	cell = 800 to 807
3	-7	-32	-36	-9	-19	-61	0	cell = 808 to 815
-41	-1	-23	-33	11	-68	-6	-41	cell = 816 to 823
-13	-69	-35	28	-63	6	-4	-37	cell = 824 to 831
-24	19	-39	-3	-29	4	-23	6	cell = 832 to 839
-14	-46	-57	15	14	11	-34	-12	cell = 840 to 847
-8	-16	-42	-70	-43	-32	-38	-33	cell = 848 to 855
-14	-9	-30	-21	1	-18	-14	-14	cell = 856 to 863
7	-22	-34	-14	-45	21	-16	-29	cell = 864 to 871
5	-56	-1	26	-57	-14	-29	3	cell = 872 to 879
0	-53	-8	-33	21	-13	-2	-10	cell = 880 to 887
-34	13	-19	-19	-48	-19	-17	-9	cell = 888 to 895
-38	-41	-6	24	-15	-23	-22	-4	cell = 896 to 903
8	20	-10	-8	35	-8	-18	-18	cell = 904 to 911
-17	-1	0	-27	23	-35	-14	-8	cell = 912 to 919
28	14	-26	-12	-31	-40	5	-52	cell = 920 to 927
-1	-29	-13	5	-49	-17	-12	-48	cell = 928 to 935
18	-1	-44	-5	-46	-17	-28	-34	cell = 936 to 943
-11	-56	-36	-15	-5	-20	-19	-34	cell = 944 to 951
-7	36	-14	15	-19	-5	-53	-31	cell = 952 to 959
-17	-42	17	-12	2	-11	-20	-16	cell = 960 to 967
-52	9	-12	19	-53	-4	-40	43	cell = 968 to 975
-18	-33	-20	-26	-14	0	9	-14	cell = 976 to 983
-4	-34	-44	18	-38	-57	-3	-22	cell = 984 to 991
0	-50	-11	-26	-42	-17	24	3	cell = 992 to 999
-40	-18	-16	17	-34	-3	0	-14	cell = 1000 to 1007
-13	-22	-27	-45	-59	-41	-68	-23	cell = 1008 to 1015
-17	-22	-48	-45	-32	-38	-7	0	cell = 1016 to 1023
Calibration values from cell 0 to 1024 for channel 7:

57	16	38	10	22	21	54	-3	cell = 0 to 7
15	7	57	-28	18	-8	30	0	cell = 8 to 15
56	6	34	-3	32	-8	64	22	cell = 16 to 23
55	-26	16	-49	53	-28	60	-29	cell = 24 to 31
13	5	32	-9	61	-30	20	1	cell = 32 to 39
41	14	52	-8	41	17	10	18	cell = 40 to 47
25	5	19	-20	57	-1	57	-6	cell = 48 to 55
20	-18	65	6	60	20	9	7	cell = 56 to 63
29	-2	23	0	52	2	41	0	cell = 64 to 71
55	-26	-26	11	42	19	11	-34	cell = 72 to 79
41	-31	31	0	39	22	38	8	cell = 80 to 87
37	17	57	-46	82	22	18	-19	cell = 88 to 95
42	9	21	7	24	2	42	27	cell = 96 to 103
29	13	48	-24	55	7	44	-5	cell = 104 to 111
2	-19	19	-8	51	-12	35	-15	cell = 112 to 119
34	20	35	18	17	13	4	11	cell = 120 to 127
48	-23	21	4	11	10	52	7	cell = 128 to 135
65	-19	49	-2	56	36	35	23	cell = 136 to 143
52	28	53	-25	25	12	15	-20	cell = 144 to 151
46	-32	87	-21	62	4	50	17	cell = 152 to 159
49	19	13	-10	78	-28	63	0	cell = 160 to 167
61	-22	49	11	38	-7	12	-2	cell = 168 to 175
67	-15	39	-19	35	10	31	18	cell = 176 to 183
48	-14	-6	3	29	-19	33	-9	cell = 184 to 191
46	31	41	-17	67	41	61	-20	cell = 192 to 199
33	4	27	-15	27	-28	-7	8	cell = 200 to 207
24	16	5	2	43	-29	67	-14	cell = 208 to 215
37	-29	84	-7	57	6	28	15	cell = 216 to 223
56	-15	22	5	47	3	50	3	cell = 224 to 231
70	5	40	-13	44	-7	46	-5	cell = 232 to 239
32	5	-7	30	49	37	81	14	cell = 240 to 247
52	0	6	-15	33	-33	29	23	cell = 248 to 255
36	-31	14	-8	62	-42	11	-19	cell = 256 to 263
41	-2	38	24	82	-18	79	-26	cell = 264 to 271
53	39	39	-17	44	6	71	-21	cell = 272 to 279
49	-14	43	21	40	-1	33	-48	cell = 280 to 287
23	11	33	14	56	-20	1	-21	cell = 288 to 295
18	6	32	-24	40	-24	33	-3	cell = 296 to 303
72	11	26	-45	22	-20	54	11	cell = 304 to 311
55	1	14	1	77	-41	21	-40	cell = 312 to 319
45	-30	6	-13	22	26	60	-3	cell = 320 to 327
63	-5	3	45	45	-47	18	-3	cell = 328 to 335
25	37	57	-13	63	-1	14	8	cell = 336 to 343
25	14	43	-12	15	4	29	18	cell = 344 to 351
54	39	68	12	58	-13	65	-28	cell = 352 to 359
46	-30	24	20	22	34	-1	-14	cell = 360 to 367
6	13	35	-33	41	-41	64	-20	cell = 368 to 375
34	-14	35	-3	7	-35	28	-37	cell = 376 to 383
48	-23	-13	-11	30	35	27	-24	cell = 384 to 391
48	-9	63	3	39	14	13	-28	cell = 392 to 399
56	-23	51	-29	44	12	20	0	cell = 400 to 407
32	38	11	1	11	0	10	-2	cell = 408 to 415
30	-28	55	-22	28	-27	42	2	cell = 416 to 423
25	10	19	-22	55	10	63	-18	cell = 424 to 431
22	-41	-9	1	21	-10	67	-16	cell = 432 to 439
58	-22	13	-1	65	-10	5	-20	cell = 440 to 447
15	23	56	4	86	-14	17	-22	cell = 448 to 455
39	18	31	11	74	13	34	-2	cell = 456 to 463
45	9	44	-29	22	-9	45	26	cell = 464 to 471
15	-8	26	-3	34	1	73	-37	cell = 472 to 479
27	15	46	20	67	-3	1	-8	cell = 480 to 487
43	-47	35	-22	15	-31	27	0	cell = 488 to 495
23	-4	-38	-80	-15	-74	-15	-92	cell = 496 to 503
19	17	22	-43	76	-8	57	-29	cell = 504 to 511
9	-10	6	-34	-31	21	-28	9	cell = 512 to 519
0	0	-25	-43	5	-9	-19	-15	cell = 520 to 527
-6	-2	8	-32	-2	31	-15	4	cell = 528 to 535
-25	3	-43	-38	-45	-4	-42	6	cell = 536 to 543
-33	-16	-32	-16	30	15	-36	2	cell = 544 to 551
-44	-38	-48	-2	18	-1	-57	-18	cell = 552 to 559
-14	-31	-23	31	-7	-7	-31	-37	cell = 560 to 567
-42	-27	-24	16	-33	-22	-31	-32	cell = 568 to 575
-15	-10	-10	-26	6	-14	-39	46	cell = 576 to 583
-26	-15	-8	2	-25	-13	-24	5	cell = 584 to 591
-29	-13	-8	-16	-28	1	-6	-27	cell = 592 to 599
-9	-13	-37	-14	0	-18	-10	-17	cell = 600 to 607
-47	15	-59	-35	-8	12	-43	-18	cell = 608 to 615
-10	-27	17	-23	-24	33	-39	0	cell = 616 to 623
-27	18	-37	-4	-16	-57	-22	-22	cell = 624 to 631
-37	-14	-28	-49	1	3	-25	-11	cell = 632 to 639
7	-29	-33	-63	18	-11	-3	-30	cell = 640 to 647
-18	-29	-9	-34	-13	-10	-17	-30	cell = 648 to 655
-17	-14	-43	-7	12	7	11	-24	cell = 656 to 663
-16	-33	-3	15	-24	-9	-24	-27	cell = 664 to 671
-75	-2	-29	-9	-51	-42	-11	-25	cell = 672 to 679
23	-16	-27	-55	-16	-7	-29	-36	cell = 680 to 687
-42	-28	0	11	-36	-10	-17	4	cell = 688 to 695
-65	-48	-3	-19	-22	-41	1	-12	cell = 696 to 703
-32	4	-33	-7	-39	25	-11	-6	cell = 704 to 711
-47	-40	-14	-17	-25	16	-34	17	cell = 712 to 719
0	-28	-36	0	-32	-37	-20	-12	cell = 720 to 727
-28	34	-35	-36	-13	-66	-11	-8	cell = 728 to 735
-9	-47	-7	-8	11	-46	16	-12	cell = 736 to 743
-39	-36	-28	9	-26	-5	-30	-17	cell = 744 to 751
-28	-22	-73	6	10	-34	15	-10	cell = 752 to 759
-16	-8	-39	-55	-42	-40	-4	-47	cell = 760 to 767
-23	-52	2	17	-5	-6	-12	-32	cell = 768 to 775
-6	4	30	-26	-15	-21	-16	-35	cell = 776 to 783
1	-52	11	25	1	-24	-44	-25	cell = 784 to 791
-13	10	-56	-28	24	-46	12	6	cell = 792 to 799
-23	-17	7	-6	-12	-20	17	-11	cell = 800 to 807
-37	-24	13	-5	10	-27	5	-48	cell = 808 to 815
9	15	-25	-31	29	-15	-21	-21	cell = 816 to 823
-28	-34	-20	0	-30	16	-34	-19	cell = 824 to 831
-43	-6	-40	-5	15	-10	-27	14	cell = 832 to 839
7	-37	-35	-26	-29	11	1	-29	cell = 840 to 847
-18	-14	-42	1	-30	-7	-26	7	cell = 848 to 855
-20	21	-26	-7	29	-34	-12	-3	cell = 856 to 863
-23	-50	-31	-28	-1	-6	-37	-22	cell = 864 to 871
-14	-25	9	1	-2	-5	-33	-18	cell = 872 to 879
-2	-7	10	-19	-22	-31	11	-17	cell = 880 to 887
15	7	-35	-14	-44	-9	16	3	cell = 888 to 895
-67	8	-26	56	-41	-13	4	-4	cell = 896 to 903
-15	35	-49	-22	11	-56	0	-26	cell = 904 to 911
0	-22	3	-24	-21	-11	-59	-4	cell = 912 to 919
-9	-26	-15	-32	4	-13	13	-33	cell = 920 to 927
-10	-18	-26	10	-38	-27	-23	-37	cell = 928 to 935
-14	-18	-8	1	-9	-10	-16	-23	cell = 936 to 943
-2	24	-3	-13	0	-59	-70	-14	cell = 944 to 951
-5	7	-7	-25	-49	-31	2	-1	cell = 952 to 959
2	-1	-32	-10	-6	3	-7	-17	cell = 960 to 967
-19	8	10	5	-56	31	-39	1	cell = 968 to 975
-35	-2	-29	-28	-2	-13	-9	-21	cell = 976 to 983
-19	-28	19	13	-35	-9	-41	0	cell = 984 to 991
-28	1	-29	-17	-49	11	-46	-9	cell = 992 to 999
-34	-40	-36	-41	-18	-2	-34	-19	cell = 1000 to 1007
-33	19	-22	-12	10	-41	-36	-37	cell = 1008 to 1015
-23	-14	-15	8	-82	-31	-28	-48	cell = 1016 to 1023
Calibration values from cell 0 to 1024 for channel 8:

52	-25	54	10	73	4	66	2	cell = 0 to 7
38	2	40	24	10	41	47	-40	cell = 8 to 15
34	-3	40	-1	63	-26	52	-9	cell = 16 to 23
78	-7	48	21	13	0	6	28	cell = 24 to 31
51	-11	13	0	48	-6	46	12	cell = 32 to 39
55	-24	19	-19	44	-4	-10	28	cell = 40 to 47
21	16	31	-10	36	2	61	-61	cell = 48 to 55
40	-2	34	-43	67	6	35	18	cell = 56 to 63
19	1	40	-22	64	11	20	7	cell = 64 to 71
42	-13	48	6	59	-8	18	-48	cell = 72 to 79
63	-39	12	-40	58	-5	79	-41	cell = 80 to 87
6	29	38	-13	29	1	7	1	cell = 88 to 95
29	-19	63	-6	49	5	24	2	cell = 96 to 103
65	-17	46	6	52	39	27	13	cell = 104 to 111
49	-3	52	17	50	3	64	-4	cell = 112 to 119
50	-2	18	28	69	-9	36	-12	cell = 120 to 127
-11	35	7	-17	57	-9	22	-10	cell = 128 to 135
54	0	57	10	68	-4	68	37	cell = 136 to 143
15	15	36	-3	39	-10	57	12	cell = 144 to 151
80	24	111	-1	16	12	65	-27	cell = 152 to 159
39	7	52	0	26	13	67	-43	cell = 160 to 167
65	30	39	-20	67	-22	62	15	cell = 168 to 175
42	2	20	-47	96	17	32	58	cell = 176 to 183
54	-13	50	-7	49	-7	45	-6	cell = 184 to 191
41	-1	19	-3	65	3	40	-22	cell = 192 to 199
51	20	76	13	58	-13	58	-16	cell = 200 to 207
62	-16	52	9	52	0	38	-2	cell = 208 to 215
38	-6	8	-7	10	-1	81	29	cell = 216 to 223
61	-4	10	27	17	18	79	8	cell = 224 to 231
25	-3	15	1	29	-23	40	33	cell = 232 to 239
24	-32	4	-37	16	25	23	-14	cell = 240 to 247
2	16	40	-7	50	-38	29	-34	cell = 248 to 255
39	-2	5	-80	74	-25	60	20	cell = 256 to 263
50	-15	40	-29	32	40	39	-33	cell = 264 to 271
33	5	55	-14	79	38	59	-9	cell = 272 to 279
50	17	54	3	39	-38	46	40	cell = 280 to 287
45	-4	69	-18	72	5	47	4	cell = 288 to 295
85	2	53	-10	2	6	87	-23	cell = 296 to 303
9	27	34	15	76	19	77	10	cell = 304 to 311
56	-31	25	-31	24	11	38	-22	cell = 312 to 319
33	0	46	-46	22	-2	64	22	cell = 320 to 327
29	-21	55	28	37	-31	4	-20	cell = 328 to 335
52	-23	28	-19	38	-9	42	-60	cell = 336 to 343
25	0	63	46	17	-22	53	-52	cell = 344 to 351
33	-39	77	-28	78	16	14	9	cell = 352 to 359
80	4	53	39	33	31	57	-12	cell = 360 to 367
22	4	76	0	20	-1	37	-11	cell = 368 to 375
59	1	62	18	22	-21	27	-50	cell = 376 to 383
35	-27	30	-23	5	7	35	-25	cell = 384 to 391
32	11	22	13	76	-43	31	-13	cell = 392 to 399
43	-9	-9	-22	47	19	51	4	cell = 400 to 407
26	19	31	-9	56	-36	35	18	cell = 408 to 415
13	-27	20	24	15	3	8	29	cell = 416 to 423
60	-30	51	-9	71	-10	45	5	cell = 424 to 431
30	-15	16	-41	37	-40	52	-21	cell = 432 to 439
53	-13	45	10	48	-11	11	-10	cell = 440 to 447
24	17	48	2	34	-2	59	4	cell = 448 to 455
75	44	49	18	16	-14	18	-6	cell = 456 to 463
36	6	32	-31	44	-11	22	-14	cell = 464 to 471
-4	-17	56	6	19	-5	19	0	cell = 472 to 479
10	-3	27	17	47	-3	63	-17	cell = 480 to 487
68	-19	73	-40	30	-7	60	-7	cell = 488 to 495
41	-53	-29	-68	-35	-121	28	-62	cell = 496 to 503
30	2	45	-8	13	9	32	39	cell = 504 to 511
-14	-52	-55	-12	-26	-2	-1	-1	cell = 512 to 519
-15	-25	-20	21	-49	-43	12	-2	cell = 520 to 527
-17	20	-40	-44	-4	9	-48	-27	cell = 528 to 535
5	-17	-16	-18	-21	-28	-61	-23	cell = 536 to 543
-21	8	-20	9	-24	-14	0	-51	cell = 544 to 551
-39	-10	-2	1	-22	31	-27	-58	cell = 552 to 559
-19	-5	-41	-12	-52	-29	-28	-17	cell = 560 to 567
21	-36	-45	8	-45	1	-31	-3	cell = 568 to 575
-39	1	-55	-6	4	-24	-32	-2	cell = 576 to 583
37	-8	8	30	-9	-15	0	-49	cell = 584 to 591
-28	-3	21	-6	-14	-2	-45	9	cell = 592 to 599
-28	-8	-21	23	19	-15	13	-14	cell = 600 to 607
-59	-41	-41	-13	-18	3	-13	-2	cell = 608 to 615
-62	-19	-24	-42	-23	-7	-29	-15	cell = 616 to 623
0	-17	-18	-14	-16	-3	-41	22	cell = 624 to 631
-25	-26	-19	4	-4	-14	3	-27	cell = 632 to 639
-5	-28	-31	-35	-19	-14	-39	6	cell = 640 to 647
-31	30	-38	5	-8	8	-27	-60	cell = 648 to 655
-44	8	-15	-49	12	-14	-25	-34	cell = 656 to 663
24	-25	-10	-17	-30	32	-26	-42	cell = 664 to 671
-51	-8	-28	-5	-33	9	-48	-14	cell = 672 to 679
8	10	-28	-8	-7	-25	-50	-3	cell = 680 to 687
0	-4	10	-38	6	-32	-29	20	cell = 688 to 695
-45	-44	-57	-4	-17	-29	-58	-37	cell = 696 to 703
-41	-22	-27	-5	-29	-51	-7	-59	cell = 704 to 711
-17	-10	-7	-26	3	-35	-17	3	cell = 712 to 719
-13	8	-52	-5	-17	-8	-22	-15	cell = 720 to 727
-4	-3	-29	7	-2	-49	-37	-32	cell = 728 to 735
1	-39	-48	-10	-26	-2	-23	27	cell = 736 to 743
-19	-59	-43	-38	14	-36	-50	-8	cell = 744 to 751
16	-8	-49	-73	-35	11	2	-14	cell = 752 to 759
-21	14	-11	-55	-59	-4	-38	-54	cell = 760 to 767
19	-48	-25	30	-28	-33	-2	24	cell = 768 to 775
0	20	-37	-44	-22	-8	-11	-17	cell = 776 to 783
2	-43	-19	-43	-44	-26	-13	2	cell = 784 to 791
-16	-13	-57	-45	-39	8	-16	19	cell = 792 to 799
-48	13	-62	-63	-7	36	-24	-5	cell = 800 to 807
-29	-38	-13	10	-28	-34	-5	6	cell = 808 to 815
-23	-63	18	-2	1	7	-36	-5	cell = 816 to 823
7	-18	-49	28	-6	-15	7	-46	cell = 824 to 831
-38	-34	-11	-14	-32	-4	3	-11	cell = 832 to 839
-24	9	-26	-31	0	-15	-42	-52	cell = 840 to 847
5	3	-13	19	3	13	13	0	cell = 848 to 855
10	-25	-22	23	-13	-47	-42	-41	cell = 856 to 863
16	-24	-56	-28	-42	-11	17	3	cell = 864 to 871
-49	-84	-17	20	-50	12	12	6	cell = 872 to 879
-12	-23	6	4	-5	0	-11	-23	cell = 880 to 887
-17	-22	-11	-13	-30	-11	-21	-19	cell = 888 to 895
-57	-59	-62	7	-34	-4	-30	19	cell = 896 to 903
-47	-4	15	-17	-49	-18	-53	-35	cell = 904 to 911
1	-18	6	6	-22	-22	-27	7	cell = 912 to 919
-1	-28	-3	-8	-15	-33	-12	-55	cell = 920 to 927
11	-11	-38	-24	-9	-33	0	-41	cell = 928 to 935
-15	39	-24	-22	17	-18	4	-29	cell = 936 to 943
-60	-67	-34	-34	-16	-9	-11	-22	cell = 944 to 951
-44	-21	14	-16	-34	9	-14	-46	cell = 952 to 959
-17	-9	-44	-14	-36	5	-36	-27	cell = 960 to 967
-22	5	-18	87	-24	-41	-16	36	cell = 968 to 975
-35	-34	-31	-10	-42	-81	-47	-18	cell = 976 to 983
-17	13	0	-25	-31	15	-34	3	cell = 984 to 991
-37	-36	-56	-45	-38	-34	-36	-54	cell = 992 to 999
-12	4	-15	-10	-37	-25	-24	-38	cell = 1000 to 1007
-14	-11	-103	-33	-45	25	8	-32	cell = 1008 to 1015
-38	-5	-30	6	-16	-30	-39	-40	cell = 1016 to 1023
