Calibration values (ps) from cell 0 to 1024 :

00000.000	00000.401	00000.801	00001.203	00001.605	00002.007	00002.410	00002.813	cell = 0 to 7
00003.215	00003.617	00004.020	00004.423	00004.827	00005.231	00005.636	00006.041	cell = 8 to 15
00006.447	00006.853	00007.258	00007.663	00008.069	00008.474	00008.878	00009.283	cell = 16 to 23
00009.688	00010.094	00010.500	00010.906	00011.311	00011.717	00012.122	00012.528	cell = 24 to 31
00012.934	00013.340	00013.747	00014.154	00014.561	00014.968	00015.376	00015.783	cell = 32 to 39
00016.192	00016.600	00017.008	00017.415	00017.822	00018.231	00018.641	00019.052	cell = 40 to 47
00019.463	00019.874	00020.284	00020.693	00021.102	00021.511	00021.919	00022.328	cell = 48 to 55
00022.738	00023.148	00023.558	00023.969	00024.379	00024.788	00025.198	00025.608	cell = 56 to 63
00026.019	00026.429	00026.840	00027.251	00027.661	00028.071	00028.482	00028.893	cell = 64 to 71
00029.305	00029.715	00030.126	00030.536	00030.945	00031.354	00031.764	00032.173	cell = 72 to 79
00032.582	00032.990	00033.396	00033.803	00034.209	00034.616	00035.022	00035.428	cell = 80 to 87
00035.836	00036.244	00036.654	00037.064	00037.474	00037.885	00038.293	00038.701	cell = 88 to 95
00039.110	00039.519	00039.930	00040.341	00040.752	00041.164	00041.577	00041.989	cell = 96 to 103
00042.402	00042.814	00043.227	00043.640	00044.054	00044.467	00044.880	00045.291	cell = 104 to 111
00045.701	00046.110	00046.519	00046.928	00047.337	00047.745	00048.153	00048.559	cell = 112 to 119
00048.965	00049.371	00049.776	00050.181	00050.587	00050.993	00051.399	00051.805	cell = 120 to 127
00052.212	00052.619	00053.027	00053.436	00053.845	00054.253	00054.662	00055.072	cell = 128 to 135
00055.483	00055.894	00056.306	00056.717	00057.127	00057.538	00057.949	00058.361	cell = 136 to 143
00058.773	00059.184	00059.594	00060.004	00060.413	00060.822	00061.230	00061.638	cell = 144 to 151
00062.046	00062.454	00062.860	00063.266	00063.672	00064.078	00064.484	00064.892	cell = 152 to 159
00065.299	00065.708	00066.116	00066.523	00066.929	00067.335	00067.740	00068.146	cell = 160 to 167
00068.553	00068.958	00069.362	00069.766	00070.170	00070.574	00070.978	00071.380	cell = 168 to 175
00071.782	00072.183	00072.583	00072.984	00073.385	00073.786	00074.187	00074.587	cell = 176 to 183
00074.986	00075.384	00075.780	00076.175	00076.569	00076.965	00077.361	00077.757	cell = 184 to 191
00078.154	00078.551	00078.948	00079.346	00079.745	00080.144	00080.544	00080.944	cell = 192 to 199
00081.343	00081.743	00082.141	00082.540	00082.940	00083.339	00083.738	00084.136	cell = 200 to 207
00084.533	00084.929	00085.325	00085.721	00086.119	00086.516	00086.915	00087.314	cell = 208 to 215
00087.713	00088.112	00088.512	00088.911	00089.311	00089.712	00090.112	00090.511	cell = 216 to 223
00090.911	00091.312	00091.713	00092.114	00092.514	00092.913	00093.313	00093.711	cell = 224 to 231
00094.110	00094.509	00094.910	00095.311	00095.714	00096.117	00096.519	00096.920	cell = 232 to 239
00097.321	00097.721	00098.120	00098.519	00098.916	00099.312	00099.707	00100.100	cell = 240 to 247
00100.494	00100.887	00101.281	00101.675	00102.069	00102.463	00102.856	00103.249	cell = 248 to 255
00103.642	00104.035	00104.429	00104.823	00105.217	00105.612	00106.006	00106.399	cell = 256 to 263
00106.794	00107.188	00107.581	00107.975	00108.368	00108.762	00109.157	00109.550	cell = 264 to 271
00109.945	00110.340	00110.736	00111.130	00111.525	00111.919	00112.315	00112.711	cell = 272 to 279
00113.107	00113.503	00113.900	00114.295	00114.689	00115.082	00115.476	00115.869	cell = 280 to 287
00116.263	00116.657	00117.052	00117.447	00117.843	00118.238	00118.634	00119.029	cell = 288 to 295
00119.425	00119.820	00120.216	00120.611	00121.004	00121.397	00121.789	00122.182	cell = 296 to 303
00122.574	00122.967	00123.359	00123.751	00124.144	00124.536	00124.930	00125.323	cell = 304 to 311
00125.717	00126.110	00126.504	00126.898	00127.293	00127.689	00128.087	00128.484	cell = 312 to 319
00128.881	00129.279	00129.677	00130.074	00130.471	00130.868	00131.267	00131.665	cell = 320 to 327
00132.062	00132.459	00132.857	00133.253	00133.649	00134.045	00134.442	00134.839	cell = 328 to 335
00135.236	00135.631	00136.025	00136.419	00136.812	00137.203	00137.595	00137.987	cell = 336 to 343
00138.379	00138.771	00139.164	00139.557	00139.950	00140.343	00140.738	00141.134	cell = 344 to 351
00141.531	00141.928	00142.327	00142.726	00143.126	00143.526	00143.926	00144.325	cell = 352 to 359
00144.724	00145.123	00145.522	00145.921	00146.320	00146.718	00147.115	00147.511	cell = 360 to 367
00147.906	00148.299	00148.693	00149.085	00149.478	00149.871	00150.265	00150.658	cell = 368 to 375
00151.051	00151.443	00151.836	00152.228	00152.620	00153.011	00153.402	00153.794	cell = 376 to 383
00154.185	00154.576	00154.968	00155.360	00155.754	00156.149	00156.544	00156.941	cell = 384 to 391
00157.338	00157.734	00158.132	00158.529	00158.927	00159.326	00159.725	00160.123	cell = 392 to 399
00160.521	00160.917	00161.314	00161.708	00162.103	00162.496	00162.889	00163.281	cell = 400 to 407
00163.674	00164.068	00164.462	00164.856	00165.249	00165.642	00166.035	00166.427	cell = 408 to 415
00166.819	00167.211	00167.604	00167.997	00168.390	00168.784	00169.177	00169.570	cell = 416 to 423
00169.964	00170.356	00170.749	00171.142	00171.535	00171.929	00172.322	00172.717	cell = 424 to 431
00173.112	00173.507	00173.902	00174.297	00174.692	00175.086	00175.479	00175.871	cell = 432 to 439
00176.262	00176.654	00177.045	00177.435	00177.826	00178.216	00178.606	00178.996	cell = 440 to 447
00179.387	00179.779	00180.173	00180.568	00180.964	00181.361	00181.759	00182.157	cell = 448 to 455
00182.554	00182.951	00183.349	00183.745	00184.142	00184.539	00184.935	00185.332	cell = 456 to 463
00185.728	00186.125	00186.522	00186.919	00187.315	00187.711	00188.107	00188.501	cell = 464 to 471
00188.896	00189.289	00189.682	00190.075	00190.469	00190.863	00191.257	00191.650	cell = 472 to 479
00192.043	00192.436	00192.829	00193.222	00193.615	00194.009	00194.402	00194.795	cell = 480 to 487
00195.188	00195.583	00195.978	00196.373	00196.768	00197.163	00197.559	00197.955	cell = 488 to 495
00198.350	00198.745	00199.139	00199.530	00199.919	00200.307	00200.694	00201.079	cell = 496 to 503
00201.463	00201.847	00202.233	00202.620	00203.006	00203.393	00203.779	00204.166	cell = 504 to 511
00204.552	00204.937	00205.323	00205.709	00206.095	00206.481	00206.868	00207.256	cell = 512 to 519
00207.644	00208.033	00208.423	00208.814	00209.205	00209.595	00209.986	00210.375	cell = 520 to 527
00210.765	00211.155	00211.546	00211.937	00212.327	00212.717	00213.107	00213.498	cell = 528 to 535
00213.889	00214.281	00214.674	00215.066	00215.458	00215.850	00216.241	00216.633	cell = 536 to 543
00217.024	00217.415	00217.806	00218.197	00218.588	00218.980	00219.372	00219.766	cell = 544 to 551
00220.160	00220.556	00220.952	00221.349	00221.747	00222.143	00222.538	00222.934	cell = 552 to 559
00223.329	00223.723	00224.117	00224.512	00224.906	00225.300	00225.694	00226.088	cell = 560 to 567
00226.482	00226.875	00227.268	00227.661	00228.054	00228.446	00228.838	00229.230	cell = 568 to 575
00229.623	00230.016	00230.411	00230.806	00231.201	00231.595	00231.990	00232.386	cell = 576 to 583
00232.781	00233.176	00233.570	00233.962	00234.355	00234.747	00235.141	00235.534	cell = 584 to 591
00235.928	00236.322	00236.716	00237.110	00237.505	00237.899	00238.293	00238.687	cell = 592 to 599
00239.082	00239.476	00239.870	00240.264	00240.657	00241.049	00241.440	00241.831	cell = 600 to 607
00242.222	00242.614	00243.007	00243.400	00243.795	00244.191	00244.587	00244.983	cell = 608 to 615
00245.380	00245.777	00246.175	00246.572	00246.970	00247.368	00247.765	00248.162	cell = 616 to 623
00248.562	00248.960	00249.358	00249.755	00250.153	00250.549	00250.945	00251.342	cell = 624 to 631
00251.740	00252.136	00252.532	00252.929	00253.327	00253.725	00254.124	00254.522	cell = 632 to 639
00254.920	00255.316	00255.712	00256.107	00256.503	00256.897	00257.292	00257.686	cell = 640 to 647
00258.080	00258.474	00258.868	00259.262	00259.657	00260.050	00260.444	00260.839	cell = 648 to 655
00261.237	00261.634	00262.033	00262.430	00262.828	00263.224	00263.620	00264.015	cell = 656 to 663
00264.411	00264.806	00265.200	00265.594	00265.990	00266.384	00266.779	00267.174	cell = 664 to 671
00267.570	00267.966	00268.362	00268.757	00269.153	00269.548	00269.944	00270.339	cell = 672 to 679
00270.734	00271.127	00271.520	00271.914	00272.308	00272.701	00273.093	00273.486	cell = 680 to 687
00273.879	00274.272	00274.664	00275.058	00275.453	00275.849	00276.244	00276.640	cell = 688 to 695
00277.036	00277.432	00277.828	00278.224	00278.621	00279.017	00279.413	00279.810	cell = 696 to 703
00280.208	00280.605	00281.001	00281.397	00281.793	00282.189	00282.586	00282.983	cell = 704 to 711
00283.382	00283.781	00284.180	00284.579	00284.978	00285.377	00285.774	00286.172	cell = 712 to 719
00286.570	00286.968	00287.365	00287.761	00288.157	00288.553	00288.949	00289.345	cell = 720 to 727
00289.742	00290.140	00290.537	00290.935	00291.334	00291.733	00292.132	00292.532	cell = 728 to 735
00292.932	00293.332	00293.731	00294.132	00294.534	00294.935	00295.336	00295.736	cell = 736 to 743
00296.137	00296.538	00296.939	00297.341	00297.742	00298.143	00298.544	00298.947	cell = 744 to 751
00299.350	00299.752	00300.153	00300.554	00300.955	00301.356	00301.757	00302.158	cell = 752 to 759
00302.558	00302.957	00303.355	00303.753	00304.151	00304.550	00304.948	00305.347	cell = 760 to 767
00305.746	00306.146	00306.545	00306.945	00307.345	00307.747	00308.148	00308.549	cell = 768 to 775
00308.951	00309.352	00309.753	00310.155	00310.556	00310.958	00311.360	00311.761	cell = 776 to 783
00312.164	00312.567	00312.968	00313.370	00313.770	00314.170	00314.570	00314.971	cell = 784 to 791
00315.371	00315.772	00316.173	00316.575	00316.978	00317.381	00317.785	00318.189	cell = 792 to 799
00318.592	00318.996	00319.399	00319.803	00320.208	00320.614	00321.019	00321.423	cell = 800 to 807
00321.828	00322.233	00322.638	00323.045	00323.452	00323.859	00324.265	00324.672	cell = 808 to 815
00325.079	00325.485	00325.891	00326.297	00326.703	00327.109	00327.516	00327.922	cell = 816 to 823
00328.329	00328.735	00329.142	00329.548	00329.955	00330.362	00330.769	00331.176	cell = 824 to 831
00331.582	00331.988	00332.394	00332.801	00333.210	00333.619	00334.029	00334.438	cell = 832 to 839
00334.848	00335.258	00335.669	00336.079	00336.490	00336.901	00337.312	00337.722	cell = 840 to 847
00338.132	00338.542	00338.951	00339.360	00339.768	00340.176	00340.582	00340.989	cell = 848 to 855
00341.396	00341.803	00342.210	00342.617	00343.022	00343.427	00343.832	00344.237	cell = 856 to 863
00344.643	00345.048	00345.452	00345.858	00346.264	00346.670	00347.077	00347.485	cell = 864 to 871
00347.893	00348.302	00348.711	00349.120	00349.529	00349.939	00350.348	00350.757	cell = 872 to 879
00351.166	00351.576	00351.986	00352.395	00352.805	00353.214	00353.624	00354.034	cell = 880 to 887
00354.445	00354.854	00355.264	00355.672	00356.080	00356.487	00356.893	00357.300	cell = 888 to 895
00357.707	00358.115	00358.522	00358.929	00359.336	00359.744	00360.150	00360.557	cell = 896 to 903
00360.964	00361.371	00361.778	00362.185	00362.593	00363.001	00363.409	00363.817	cell = 904 to 911
00364.226	00364.635	00365.043	00365.452	00365.861	00366.269	00366.676	00367.084	cell = 912 to 919
00367.491	00367.898	00368.304	00368.711	00369.119	00369.527	00369.934	00370.342	cell = 920 to 927
00370.751	00371.159	00371.566	00371.973	00372.379	00372.785	00373.190	00373.595	cell = 928 to 935
00374.000	00374.404	00374.807	00375.210	00375.612	00376.016	00376.419	00376.823	cell = 936 to 943
00377.225	00377.627	00378.028	00378.431	00378.834	00379.237	00379.641	00380.046	cell = 944 to 951
00380.451	00380.856	00381.260	00381.666	00382.071	00382.476	00382.882	00383.288	cell = 952 to 959
00383.694	00384.100	00384.506	00384.913	00385.320	00385.727	00386.134	00386.542	cell = 960 to 967
00386.950	00387.358	00387.765	00388.172	00388.579	00388.985	00389.390	00389.794	cell = 968 to 975
00390.198	00390.602	00391.004	00391.408	00391.812	00392.215	00392.618	00393.022	cell = 976 to 983
00393.426	00393.829	00394.232	00394.636	00395.039	00395.442	00395.845	00396.248	cell = 984 to 991
00396.651	00397.056	00397.460	00397.867	00398.272	00398.679	00399.085	00399.492	cell = 992 to 999
00399.897	00400.304	00400.712	00401.120	00401.528	00401.937	00402.345	00402.752	cell = 1000 to 1007
00403.159	00403.566	00403.972	00404.379	00404.785	00405.190	00405.594	00405.997	cell = 1008 to 1015
00406.398	00406.800	00407.201	00407.602	00408.001	00408.401	00408.800	00409.200	cell = 1016 to 1023
