Calibration values from cell 0 to 1024 for channel 0:

36	-15	53	1	26	-13	71	35	cell = 0 to 7
55	-14	53	-9	20	45	75	27	cell = 8 to 15
23	8	25	-31	58	5	74	-22	cell = 16 to 23
40	27	68	20	48	-6	18	7	cell = 24 to 31
51	6	12	11	36	-6	64	-41	cell = 32 to 39
55	8	47	-15	19	-9	51	0	cell = 40 to 47
55	21	104	-18	68	-17	46	15	cell = 48 to 55
66	23	28	-12	38	-23	49	-20	cell = 56 to 63
38	-37	30	-9	56	-11	26	-17	cell = 64 to 71
38	7	36	9	31	45	13	13	cell = 72 to 79
64	9	15	-2	35	-14	63	-18	cell = 80 to 87
37	-38	13	0	62	-11	23	-9	cell = 88 to 95
41	2	-4	21	59	11	32	-12	cell = 96 to 103
55	42	36	-8	30	-5	6	13	cell = 104 to 111
7	19	49	-13	47	-13	39	0	cell = 112 to 119
37	-2	35	-32	42	-25	68	-13	cell = 120 to 127
45	-22	36	26	78	23	50	-42	cell = 128 to 135
72	31	23	28	23	30	55	-32	cell = 136 to 143
5	22	44	-13	43	-18	44	32	cell = 144 to 151
49	12	72	5	48	-2	68	4	cell = 152 to 159
55	-26	21	17	25	-6	31	5	cell = 160 to 167
61	-15	40	-2	47	-27	10	-39	cell = 168 to 175
70	8	61	-24	40	31	33	-2	cell = 176 to 183
42	-13	29	6	22	-18	93	-29	cell = 184 to 191
68	-15	14	1	33	-11	29	27	cell = 192 to 199
71	4	55	19	51	12	63	18	cell = 200 to 207
7	9	56	11	10	7	75	5	cell = 208 to 215
45	-28	45	-44	30	-18	28	-39	cell = 216 to 223
16	0	57	28	73	2	-6	0	cell = 224 to 231
61	11	22	-24	27	-37	55	-4	cell = 232 to 239
45	-12	56	9	81	-18	72	5	cell = 240 to 247
25	-38	55	-4	31	-6	-7	-3	cell = 248 to 255
66	-20	34	-9	66	-37	17	19	cell = 256 to 263
42	-15	14	7	22	-47	12	24	cell = 264 to 271
38	24	44	-11	67	1	33	-14	cell = 272 to 279
68	-1	57	12	52	17	48	-25	cell = 280 to 287
76	13	57	-11	61	-37	64	-20	cell = 288 to 295
33	-6	0	-18	29	-8	25	-4	cell = 296 to 303
52	0	29	40	12	-39	33	-6	cell = 304 to 311
55	14	49	37	31	-40	20	-20	cell = 312 to 319
36	-13	59	19	50	20	19	21	cell = 320 to 327
54	-31	68	2	38	2	32	-31	cell = 328 to 335
35	-16	31	-12	67	-43	28	25	cell = 336 to 343
21	29	29	-18	58	-31	61	-8	cell = 344 to 351
38	28	49	-33	60	10	40	-21	cell = 352 to 359
28	-13	12	-24	11	-26	10	9	cell = 360 to 367
22	-22	33	18	17	-33	21	3	cell = 368 to 375
6	-7	51	-5	10	-16	46	0	cell = 376 to 383
5	-47	73	1	18	13	31	-30	cell = 384 to 391
54	-6	65	-30	70	-22	52	42	cell = 392 to 399
55	-32	12	-21	15	-22	74	3	cell = 400 to 407
42	11	50	-26	15	7	52	-11	cell = 408 to 415
59	-8	30	-25	7	-14	58	-35	cell = 416 to 423
42	-16	40	-39	51	38	38	20	cell = 424 to 431
32	-45	27	-14	53	-3	55	11	cell = 432 to 439
47	32	61	3	10	-50	41	-15	cell = 440 to 447
28	34	55	9	63	-39	59	8	cell = 448 to 455
43	9	31	-7	14	1	43	16	cell = 456 to 463
35	-11	35	8	74	-27	61	6	cell = 464 to 471
27	-20	18	-22	32	9	50	-18	cell = 472 to 479
50	-3	68	-37	32	-67	16	17	cell = 480 to 487
63	46	36	-1	33	-37	87	-15	cell = 488 to 495
36	-2	-34	-87	-6	-103	-59	-116	cell = 496 to 503
41	9	8	-24	23	6	64	-2	cell = 504 to 511
-24	-34	-22	-17	-14	14	-30	-55	cell = 512 to 519
-40	16	-2	-35	-27	-33	2	-41	cell = 520 to 527
-3	-20	-48	-22	17	-32	6	2	cell = 528 to 535
17	-32	-28	11	-46	-17	-22	-45	cell = 536 to 543
-20	-31	-15	-17	-33	1	-54	-7	cell = 544 to 551
-66	-18	-57	-13	13	-7	-8	-6	cell = 552 to 559
-43	7	24	-40	-20	-18	-9	-12	cell = 560 to 567
-5	-47	31	-25	-66	-36	-38	-48	cell = 568 to 575
-41	-32	-27	-18	-38	1	-58	-32	cell = 576 to 583
-33	-34	28	60	-49	-2	-21	-5	cell = 584 to 591
-6	-17	-41	-26	-34	-40	-52	-44	cell = 592 to 599
-1	-20	-75	-53	-24	-7	-32	11	cell = 600 to 607
-16	-27	2	-11	-6	-31	-14	-16	cell = 608 to 615
-32	-18	-32	15	-40	-9	-12	-22	cell = 616 to 623
-39	-15	14	15	-41	-40	-11	0	cell = 624 to 631
-28	14	7	8	-32	-30	-6	-4	cell = 632 to 639
24	-15	-34	30	-37	-39	-19	-3	cell = 640 to 647
-26	-4	21	23	-41	-13	-17	-23	cell = 648 to 655
0	-15	-37	-29	10	9	21	-38	cell = 656 to 663
-26	-3	-50	19	-39	-46	-37	-42	cell = 664 to 671
-36	-11	-27	-25	-15	-28	7	-33	cell = 672 to 679
-33	-37	-7	-47	-27	-5	-8	-39	cell = 680 to 687
-21	-5	13	-3	-20	-41	-38	6	cell = 688 to 695
-45	-11	3	6	-51	5	-29	-21	cell = 696 to 703
-18	-68	7	-14	-50	-11	-49	-31	cell = 704 to 711
-19	-7	-27	-8	6	-22	-11	-8	cell = 712 to 719
26	-16	-30	-5	-12	-37	-31	8	cell = 720 to 727
0	10	-37	7	-37	-33	6	-16	cell = 728 to 735
-43	-24	1	15	-22	5	-3	-26	cell = 736 to 743
-10	-46	-33	-10	-61	-52	-97	-28	cell = 744 to 751
-1	-47	-7	-10	-49	5	-39	-56	cell = 752 to 759
-4	-9	-34	-3	-48	3	-40	-29	cell = 760 to 767
-34	0	0	-18	-25	-13	-23	-52	cell = 768 to 775
-23	-33	-58	-12	-18	8	-25	-25	cell = 776 to 783
-26	-7	-24	-6	0	-24	-13	-21	cell = 784 to 791
-19	-43	-30	-25	-48	-22	13	22	cell = 792 to 799
-28	-11	-44	-1	23	-49	-4	-6	cell = 800 to 807
-10	-41	19	-31	-7	20	-11	-6	cell = 808 to 815
-20	2	-32	-21	-38	-2	-11	-19	cell = 816 to 823
-11	-33	-39	-7	-1	32	-25	15	cell = 824 to 831
6	-5	-41	5	6	-48	-61	14	cell = 832 to 839
-17	-17	19	1	-32	-25	2	4	cell = 840 to 847
-10	-34	16	-16	-17	-18	-26	-7	cell = 848 to 855
-9	14	-33	-15	-4	-43	17	-30	cell = 856 to 863
-7	-33	-38	-10	21	4	1	40	cell = 864 to 871
8	11	-34	0	-37	-29	8	5	cell = 872 to 879
-16	32	-37	-11	26	-8	-3	2	cell = 880 to 887
-29	-30	-28	-41	-3	-7	-12	-13	cell = 888 to 895
-25	-8	-48	-13	-5	-35	-34	-22	cell = 896 to 903
-8	-2	-46	-14	-12	-31	-18	7	cell = 904 to 911
-49	-15	12	-45	-42	-35	-26	7	cell = 912 to 919
-42	-31	-24	-17	-46	-23	2	-7	cell = 920 to 927
-10	-33	-55	-4	-22	-9	-52	-10	cell = 928 to 935
14	3	-30	8	-13	-15	-7	10	cell = 936 to 943
-13	-50	-34	-30	-14	-4	4	14	cell = 944 to 951
-12	-27	-6	0	-7	-65	-28	-44	cell = 952 to 959
-17	-18	-46	5	-41	-2	-25	-22	cell = 960 to 967
8	-13	-5	-27	-13	-43	-15	-39	cell = 968 to 975
-16	-10	-35	-31	-7	-2	-29	-11	cell = 976 to 983
-10	-16	-3	-15	-56	-44	-17	-54	cell = 984 to 991
6	4	-27	17	-20	-41	-27	4	cell = 992 to 999
-28	-22	0	-9	9	4	8	-11	cell = 1000 to 1007
-23	-36	-43	0	-26	-15	-13	21	cell = 1008 to 1015
7	-36	-31	26	-14	-4	-22	26	cell = 1016 to 1023
Calibration values from cell 0 to 1024 for channel 1:

52	-19	35	4	82	7	22	-29	cell = 0 to 7
62	-31	39	10	78	-21	40	-17	cell = 8 to 15
37	-19	40	42	53	-23	52	-33	cell = 16 to 23
53	2	78	0	57	-36	31	-20	cell = 24 to 31
36	17	25	26	43	28	16	-41	cell = 32 to 39
38	19	42	-2	13	-27	37	-7	cell = 40 to 47
36	20	40	-43	24	-4	6	3	cell = 48 to 55
71	-1	18	-45	45	-4	43	-19	cell = 56 to 63
73	-51	31	-2	41	-14	26	6	cell = 64 to 71
38	13	48	9	71	-41	23	13	cell = 72 to 79
46	9	28	-18	48	-15	44	-14	cell = 80 to 87
74	-27	37	-28	31	-12	30	34	cell = 88 to 95
7	-9	9	23	46	-8	40	-28	cell = 96 to 103
61	-4	78	24	21	2	40	43	cell = 104 to 111
52	1	52	-9	15	50	25	-1	cell = 112 to 119
49	-32	41	9	22	-5	22	2	cell = 120 to 127
25	18	51	-31	35	10	51	16	cell = 128 to 135
52	-18	14	7	68	14	45	-4	cell = 136 to 143
31	6	28	32	30	18	15	-5	cell = 144 to 151
79	-20	31	-15	74	-47	43	5	cell = 152 to 159
81	-7	44	17	52	15	35	4	cell = 160 to 167
65	-2	64	2	76	-21	43	-10	cell = 168 to 175
33	-21	54	19	92	15	39	18	cell = 176 to 183
73	7	64	11	6	-25	55	-10	cell = 184 to 191
71	-14	30	-15	30	-34	60	6	cell = 192 to 199
41	14	51	-32	81	30	54	1	cell = 200 to 207
53	-29	59	-27	72	-19	19	-21	cell = 208 to 215
14	14	10	17	52	-19	49	-7	cell = 216 to 223
-3	6	34	23	27	43	9	15	cell = 224 to 231
46	-13	11	-30	72	18	0	2	cell = 232 to 239
46	-9	15	-12	40	-27	32	11	cell = 240 to 247
18	-36	79	-35	40	-17	43	-12	cell = 248 to 255
37	-25	35	28	25	33	44	-8	cell = 256 to 263
43	10	36	-8	31	-23	19	5	cell = 264 to 271
24	44	41	24	74	27	70	-15	cell = 272 to 279
79	-36	60	8	67	-38	46	-5	cell = 280 to 287
65	-10	35	24	39	31	23	-8	cell = 288 to 295
83	-16	64	-3	74	16	28	-43	cell = 296 to 303
34	4	49	0	12	-12	73	-1	cell = 304 to 311
31	-40	33	-15	39	-22	41	-3	cell = 312 to 319
30	-9	41	12	37	21	79	17	cell = 320 to 327
55	-47	24	-49	68	-18	40	18	cell = 328 to 335
14	-12	18	29	65	-17	37	10	cell = 336 to 343
39	-28	38	20	10	-19	65	-65	cell = 344 to 351
64	12	54	-4	4	3	63	-13	cell = 352 to 359
16	22	29	18	9	-32	52	10	cell = 360 to 367
38	22	64	23	47	26	28	-37	cell = 368 to 375
43	6	32	0	60	-25	70	-23	cell = 376 to 383
75	11	23	-6	27	20	71	58	cell = 384 to 391
63	-39	51	7	77	17	71	23	cell = 392 to 399
49	-15	41	-19	24	-12	49	33	cell = 400 to 407
63	-6	47	13	39	-17	40	-2	cell = 408 to 415
22	28	15	17	69	15	48	-30	cell = 416 to 423
49	-14	23	9	46	-18	57	-19	cell = 424 to 431
47	33	35	-20	28	20	23	-8	cell = 432 to 439
39	-7	9	-39	65	-23	63	-55	cell = 440 to 447
71	22	66	-24	48	-25	10	1	cell = 448 to 455
41	-32	46	-14	41	-13	62	21	cell = 456 to 463
45	-29	11	-14	35	28	20	3	cell = 464 to 471
25	-5	36	7	27	-13	39	-9	cell = 472 to 479
21	-31	6	-2	24	20	34	-40	cell = 480 to 487
45	-19	53	-31	8	23	28	-36	cell = 488 to 495
49	27	-52	-75	15	-83	4	-43	cell = 496 to 503
81	-43	40	-44	34	21	32	6	cell = 504 to 511
-38	-32	-43	-43	-47	8	-30	-19	cell = 512 to 519
-26	13	-12	-20	-6	1	-4	-27	cell = 520 to 527
-49	-27	12	-21	-21	-43	-15	-5	cell = 528 to 535
-23	23	-15	1	-9	-49	-23	-47	cell = 536 to 543
-48	-26	-41	6	-38	-18	8	-46	cell = 544 to 551
-44	-24	-35	-19	-2	-5	1	-27	cell = 552 to 559
-30	11	-34	-43	-56	-14	-15	-35	cell = 560 to 567
-42	-5	-54	-14	-15	-30	-22	-22	cell = 568 to 575
-44	-4	11	-12	-66	15	-48	25	cell = 576 to 583
-74	0	6	-47	6	-6	-18	24	cell = 584 to 591
-46	-11	0	0	16	-12	-28	-1	cell = 592 to 599
-52	-39	-26	4	3	-20	-35	-29	cell = 600 to 607
-53	-24	-22	-22	-32	-28	-10	0	cell = 608 to 615
-29	2	-16	-14	-16	13	-30	-52	cell = 616 to 623
-8	-5	-29	8	-65	-35	-17	-16	cell = 624 to 631
-16	-21	-11	-54	-18	12	-18	-16	cell = 632 to 639
13	-32	-40	-56	-41	9	-6	-6	cell = 640 to 647
-21	-3	-36	8	-55	-10	-43	-50	cell = 648 to 655
-65	-5	-15	-9	-25	-17	-15	-43	cell = 656 to 663
-15	-28	-2	-10	-22	-49	-16	28	cell = 664 to 671
-33	-39	-22	-28	-60	-58	3	-5	cell = 672 to 679
-40	-26	-33	-29	-16	-16	-37	-42	cell = 680 to 687
-21	-2	-19	2	3	-36	-45	-1	cell = 688 to 695
-2	-26	3	-29	-14	-5	3	-42	cell = 696 to 703
-14	-43	-22	-55	9	-12	-15	-20	cell = 704 to 711
-14	11	-29	-16	4	-23	-28	-30	cell = 712 to 719
-66	-31	-28	-30	-6	-37	3	-26	cell = 720 to 727
2	-11	-6	-49	-25	-40	-19	-8	cell = 728 to 735
-49	-23	-42	-27	-56	-17	-55	6	cell = 736 to 743
-64	-25	-54	-28	-2	-42	-43	-20	cell = 744 to 751
-34	-48	-14	-57	-9	0	16	-19	cell = 752 to 759
-23	0	21	-3	-65	-47	-30	-15	cell = 760 to 767
-1	-55	-15	-43	-2	-59	-27	-7	cell = 768 to 775
-20	1	-41	-9	-23	0	-28	-17	cell = 776 to 783
-17	-25	-43	-22	-23	20	20	-52	cell = 784 to 791
-25	-30	-2	-12	-42	-40	-58	-7	cell = 792 to 799
-49	-20	-8	-44	-35	-5	-28	-19	cell = 800 to 807
-14	-4	-16	-2	-12	6	-23	-25	cell = 808 to 815
-3	-29	0	-41	6	26	-53	-24	cell = 816 to 823
48	-10	-27	-26	-41	-24	-32	-39	cell = 824 to 831
34	14	1	-12	-40	-17	-22	-36	cell = 832 to 839
6	-21	-9	-19	-20	12	-53	-8	cell = 840 to 847
-39	10	-13	4	-18	-27	12	0	cell = 848 to 855
-29	21	-33	-48	-20	-4	-13	-42	cell = 856 to 863
-21	23	-15	-32	-19	-27	12	-3	cell = 864 to 871
18	-7	-10	-9	-12	-30	7	-5	cell = 872 to 879
-53	-24	10	0	-42	1	7	11	cell = 880 to 887
-26	-39	-12	-17	29	-31	1	19	cell = 888 to 895
23	-19	-70	-26	12	-36	2	-1	cell = 896 to 903
-32	8	-21	-47	-29	2	-64	0	cell = 904 to 911
8	8	-5	9	-10	-26	-4	-3	cell = 912 to 919
-16	-29	16	-4	-24	20	-38	-9	cell = 920 to 927
-34	-14	9	-31	-24	-21	17	-37	cell = 928 to 935
16	8	-26	0	0	-35	-41	-5	cell = 936 to 943
-16	-14	5	-1	20	-45	11	-12	cell = 944 to 951
-36	10	-52	1	-6	-25	-21	-10	cell = 952 to 959
-61	-52	-13	0	-31	-7	-45	-46	cell = 960 to 967
-16	-5	-23	-45	26	-6	9	18	cell = 968 to 975
-29	0	-9	-5	-8	-29	-31	-20	cell = 976 to 983
-35	16	11	-18	8	-24	-2	-40	cell = 984 to 991
4	-3	-1	-10	-26	0	0	-20	cell = 992 to 999
0	4	-57	-8	22	-6	0	18	cell = 1000 to 1007
-36	-4	-30	-5	-59	-29	-31	-11	cell = 1008 to 1015
-12	-28	-67	7	-38	-68	-45	-8	cell = 1016 to 1023
Calibration values from cell 0 to 1024 for channel 2:

28	27	6	-24	0	6	28	-54	cell = 0 to 7
35	10	55	-20	30	1	9	-20	cell = 8 to 15
15	2	36	-35	45	-1	-4	3	cell = 16 to 23
14	26	44	-27	60	9	70	8	cell = 24 to 31
17	-5	20	13	27	-3	38	1	cell = 32 to 39
12	-30	45	-21	49	14	33	16	cell = 40 to 47
65	-12	49	31	6	-24	65	-36	cell = 48 to 55
46	1	77	-1	36	-25	48	7	cell = 56 to 63
69	-13	49	-12	72	-22	24	26	cell = 64 to 71
34	21	42	36	46	38	25	-35	cell = 72 to 79
24	77	41	0	35	-33	40	-5	cell = 80 to 87
57	15	39	27	93	0	48	9	cell = 88 to 95
41	33	89	-16	60	-3	28	-17	cell = 96 to 103
16	-18	66	8	7	-21	61	12	cell = 104 to 111
21	-1	47	15	47	16	1	-11	cell = 112 to 119
36	3	8	11	48	21	50	3	cell = 120 to 127
36	-35	32	-8	89	29	-5	-1	cell = 128 to 135
33	10	53	-42	85	16	64	-19	cell = 136 to 143
30	16	50	-3	7	4	31	-9	cell = 144 to 151
17	-17	76	-3	68	7	12	-39	cell = 152 to 159
20	-9	26	-10	9	-14	21	36	cell = 160 to 167
47	7	22	5	75	40	72	2	cell = 168 to 175
78	-17	0	24	57	-22	84	3	cell = 176 to 183
69	-20	32	-5	66	42	36	-59	cell = 184 to 191
60	-42	66	15	39	-10	53	23	cell = 192 to 199
29	22	71	1	31	-13	62	-14	cell = 200 to 207
22	-3	38	-7	70	-45	24	4	cell = 208 to 215
7	-52	52	-8	35	6	-2	-22	cell = 216 to 223
63	-9	21	6	78	-13	54	-30	cell = 224 to 231
38	-7	38	-6	30	-13	51	-57	cell = 232 to 239
27	5	65	5	36	4	28	-36	cell = 240 to 247
67	4	45	21	54	4	30	-9	cell = 248 to 255
36	-4	38	-53	48	12	48	-7	cell = 256 to 263
22	10	41	-17	72	-20	10	26	cell = 264 to 271
63	-24	84	13	30	-7	24	55	cell = 272 to 279
46	-5	27	2	5	-35	78	-20	cell = 280 to 287
8	-5	31	-23	48	-13	26	10	cell = 288 to 295
49	-2	0	0	44	10	21	-19	cell = 296 to 303
-12	-9	59	-2	52	-31	11	3	cell = 304 to 311
34	-49	10	9	26	-44	8	-34	cell = 312 to 319
11	31	70	11	25	19	42	25	cell = 320 to 327
84	-6	35	-12	34	37	59	20	cell = 328 to 335
41	-15	29	-14	34	-7	29	30	cell = 336 to 343
52	-30	66	12	48	23	32	-17	cell = 344 to 351
30	9	19	11	68	5	89	-13	cell = 352 to 359
48	-13	21	-6	36	5	9	-35	cell = 360 to 367
57	7	73	-1	55	-3	31	-12	cell = 368 to 375
55	8	22	-18	15	-21	30	-34	cell = 376 to 383
50	-22	25	-23	-6	28	47	0	cell = 384 to 391
42	5	46	-8	49	-9	40	-16	cell = 392 to 399
35	-25	65	-25	60	7	33	28	cell = 400 to 407
58	-13	35	-4	8	-13	56	3	cell = 408 to 415
45	6	35	20	44	-22	30	-20	cell = 416 to 423
-22	27	79	3	23	-24	27	-34	cell = 424 to 431
35	5	46	-22	6	-4	27	0	cell = 432 to 439
39	17	23	-5	53	-30	51	-25	cell = 440 to 447
22	-37	37	1	8	-20	9	27	cell = 448 to 455
25	28	56	17	26	9	48	12	cell = 456 to 463
48	1	49	-9	-12	-2	50	-30	cell = 464 to 471
8	-46	39	9	52	-37	49	-39	cell = 472 to 479
2	28	15	-26	34	1	35	-32	cell = 480 to 487
23	18	58	-2	-7	-13	74	-14	cell = 488 to 495
68	-31	7	-72	-21	-60	-32	-85	cell = 496 to 503
73	-25	52	-30	48	9	15	8	cell = 504 to 511
-26	8	-45	-28	-22	-7	-44	13	cell = 512 to 519
-40	-15	-46	3	-20	9	24	-7	cell = 520 to 527
24	-31	-37	5	0	-17	-30	-63	cell = 528 to 535
-11	-8	-53	-51	-32	4	-30	4	cell = 536 to 543
-20	-26	7	16	-9	-45	9	1	cell = 544 to 551
-21	-11	3	-12	-38	-14	-17	39	cell = 552 to 559
-34	-42	14	9	-26	2	-50	-29	cell = 560 to 567
-55	-47	-39	-3	-41	-89	-4	-43	cell = 568 to 575
-7	-22	-15	19	-19	-11	-11	-7	cell = 576 to 583
-4	-2	-52	5	-42	24	-4	4	cell = 584 to 591
-33	-22	-32	-49	-20	18	-28	-3	cell = 592 to 599
-36	9	0	-36	-57	-33	7	6	cell = 600 to 607
-21	-27	-72	-6	-41	-38	-10	-36	cell = 608 to 615
-11	-2	-33	-3	-33	-11	-21	-2	cell = 616 to 623
-15	-32	-30	27	2	-2	24	-34	cell = 624 to 631
-30	-20	-18	8	-52	-13	-29	-7	cell = 632 to 639
36	-8	-31	-67	-5	-61	-13	2	cell = 640 to 647
1	-6	-17	-47	-21	0	-25	26	cell = 648 to 655
-22	-3	-14	-9	-65	-60	-10	-9	cell = 656 to 663
-10	-16	6	-35	-8	-8	-36	2	cell = 664 to 671
-3	-3	-8	-35	-28	-32	-61	-15	cell = 672 to 679
-3	-7	-54	1	-39	-30	-43	-34	cell = 680 to 687
-36	2	-16	-8	-47	-15	6	-25	cell = 688 to 695
-39	-38	1	-26	-1	17	-5	-52	cell = 696 to 703
-19	-45	11	-34	-27	-24	-11	-33	cell = 704 to 711
-3	26	0	-22	-35	17	-11	-48	cell = 712 to 719
-23	-3	-16	-36	-12	-25	6	-28	cell = 720 to 727
-52	-12	-17	-20	-13	-22	-33	-10	cell = 728 to 735
9	33	4	-30	-8	-40	-2	-12	cell = 736 to 743
2	-1	-30	-5	-45	-18	-16	17	cell = 744 to 751
-60	-4	3	-2	-39	2	-18	-14	cell = 752 to 759
-7	-35	-37	-44	31	-15	-14	-14	cell = 760 to 767
-24	-8	-31	-17	-7	-41	-24	-18	cell = 768 to 775
-39	3	15	-20	-11	18	-24	-25	cell = 776 to 783
-35	-28	-6	-39	-33	19	-40	-24	cell = 784 to 791
-45	6	-13	-1	-19	-28	4	-17	cell = 792 to 799
-27	-16	-13	11	-32	1	-55	-25	cell = 800 to 807
-10	-20	12	-37	-9	-14	-47	-44	cell = 808 to 815
-30	-12	-16	27	28	-38	-29	-3	cell = 816 to 823
-18	-29	-53	-11	-11	14	-13	-39	cell = 824 to 831
-74	26	-10	-39	-29	-17	-14	-7	cell = 832 to 839
19	-13	20	1	-16	4	-61	-37	cell = 840 to 847
25	10	-30	2	-68	18	6	-12	cell = 848 to 855
-20	-31	-16	-38	-31	-31	1	9	cell = 856 to 863
-18	-6	-34	-3	-9	-39	-6	-15	cell = 864 to 871
13	-41	-40	-16	37	-44	-22	-13	cell = 872 to 879
-11	-8	-50	-7	-36	8	-20	1	cell = 880 to 887
3	-25	-23	-13	-19	-33	-17	6	cell = 888 to 895
-26	-12	-33	-41	-10	-35	-21	12	cell = 896 to 903
-25	-6	-42	40	-19	23	-57	-8	cell = 904 to 911
-24	-37	8	-23	-36	-17	-32	-45	cell = 912 to 919
8	7	-14	-27	-30	4	-7	-38	cell = 920 to 927
-43	2	-29	-8	-23	-51	-44	-56	cell = 928 to 935
-21	-6	-17	3	-14	-16	-3	-15	cell = 936 to 943
-19	-3	17	20	-1	-20	-9	-3	cell = 944 to 951
-42	4	-7	-24	18	-10	-36	-1	cell = 952 to 959
-56	-5	-30	-7	14	-17	0	-19	cell = 960 to 967
12	-44	-30	-12	9	-30	8	-6	cell = 968 to 975
-7	1	-12	-5	-11	-32	-28	-25	cell = 976 to 983
-5	22	-19	-25	3	4	-46	-25	cell = 984 to 991
-47	6	-15	2	-39	21	-38	-18	cell = 992 to 999
-38	-12	17	-16	2	-1	-20	-39	cell = 1000 to 1007
-13	-17	-40	-62	-27	-16	-9	-26	cell = 1008 to 1015
4	-4	0	16	-12	-9	-40	-10	cell = 1016 to 1023
Calibration values from cell 0 to 1024 for channel 3:

23	-19	32	8	23	-28	67	-35	cell = 0 to 7
25	47	21	-37	34	8	2	7	cell = 8 to 15
42	12	35	-7	22	-18	28	9	cell = 16 to 23
57	-4	56	-14	13	-52	20	-6	cell = 24 to 31
33	-35	45	-10	65	38	42	28	cell = 32 to 39
34	10	57	-43	59	15	65	4	cell = 40 to 47
16	28	62	10	34	18	43	-3	cell = 48 to 55
60	19	66	8	20	11	52	-20	cell = 56 to 63
67	10	25	-8	44	-6	14	-18	cell = 64 to 71
70	9	84	-8	18	4	37	-28	cell = 72 to 79
21	-16	35	52	28	12	23	14	cell = 80 to 87
34	31	31	-9	40	-11	57	4	cell = 88 to 95
68	-4	50	8	31	-12	87	-25	cell = 96 to 103
-5	20	14	15	42	2	58	3	cell = 104 to 111
46	-22	69	11	26	-20	30	-40	cell = 112 to 119
51	28	47	27	34	25	37	9	cell = 120 to 127
89	-15	51	-15	48	-3	20	37	cell = 128 to 135
83	7	29	48	63	34	57	-3	cell = 136 to 143
44	16	27	-51	52	17	33	28	cell = 144 to 151
60	-19	11	-12	32	-9	12	26	cell = 152 to 159
17	3	36	-37	43	8	32	-12	cell = 160 to 167
36	-19	47	-17	69	38	40	4	cell = 168 to 175
52	3	58	-11	41	-24	73	21	cell = 176 to 183
24	5	22	-48	9	-25	28	-6	cell = 184 to 191
48	-5	47	19	58	7	47	1	cell = 192 to 199
50	11	57	11	61	-29	69	-12	cell = 200 to 207
22	1	67	7	23	15	46	-7	cell = 208 to 215
55	2	36	34	37	-7	-13	-6	cell = 216 to 223
59	55	39	-15	29	8	29	12	cell = 224 to 231
42	13	43	-10	51	-8	46	15	cell = 232 to 239
66	-18	43	15	88	33	14	-12	cell = 240 to 247
20	-6	55	-4	45	-10	29	-12	cell = 248 to 255
34	-40	53	-27	56	33	48	0	cell = 256 to 263
33	-43	39	-24	90	26	39	4	cell = 264 to 271
41	2	51	32	40	-41	55	-19	cell = 272 to 279
75	36	19	-5	67	6	30	16	cell = 280 to 287
7	-21	45	-5	29	-11	51	-13	cell = 288 to 295
45	-4	46	5	56	-7	3	-33	cell = 296 to 303
29	8	56	0	29	-31	37	-26	cell = 304 to 311
32	2	26	-16	33	11	54	22	cell = 312 to 319
39	-13	44	-11	60	-9	17	-4	cell = 320 to 327
66	11	72	-38	35	-14	69	-28	cell = 328 to 335
29	18	45	-29	27	9	28	1	cell = 336 to 343
42	13	46	-13	25	8	30	-38	cell = 344 to 351
53	-9	28	-38	40	-4	27	-10	cell = 352 to 359
33	13	29	37	51	-13	31	-22	cell = 360 to 367
14	34	59	-19	50	-2	1	-21	cell = 368 to 375
33	5	39	-8	71	-41	-3	-20	cell = 376 to 383
19	29	34	-50	58	-21	-6	25	cell = 384 to 391
42	12	43	-17	69	-10	12	-33	cell = 392 to 399
46	6	59	-22	50	-7	6	-14	cell = 400 to 407
8	-4	62	-25	45	-7	39	-35	cell = 408 to 415
30	37	12	33	15	-37	12	2	cell = 416 to 423
18	-10	39	-27	80	5	64	-36	cell = 424 to 431
36	-6	-7	-25	64	9	16	-36	cell = 432 to 439
85	0	33	-7	56	1	19	-35	cell = 440 to 447
13	-13	33	-65	55	-6	53	9	cell = 448 to 455
57	11	44	-6	71	3	29	-15	cell = 456 to 463
88	-2	55	-5	19	-12	30	7	cell = 464 to 471
39	-46	71	-10	29	-34	53	-17	cell = 472 to 479
57	2	53	-33	1	26	45	-1	cell = 480 to 487
31	3	40	37	25	-24	22	-37	cell = 488 to 495
19	0	-47	-91	-14	-87	6	-88	cell = 496 to 503
29	-3	28	-15	65	-15	15	-2	cell = 504 to 511
-2	-29	9	-37	-46	-5	-10	-8	cell = 512 to 519
-26	-59	-33	-20	-6	-12	-16	-15	cell = 520 to 527
-29	-3	-33	-1	-7	3	-35	0	cell = 528 to 535
-54	-77	-39	-2	17	-27	-40	-52	cell = 536 to 543
-27	-21	-26	12	-54	10	-2	-32	cell = 544 to 551
-18	7	-29	-60	5	2	-70	-32	cell = 552 to 559
-57	-16	-21	10	-32	-18	18	-4	cell = 560 to 567
-39	-37	-6	-4	-21	14	-25	-23	cell = 568 to 575
-80	-61	-49	-27	-41	-18	-51	-38	cell = 576 to 583
-50	-21	-32	10	-38	11	-34	-5	cell = 584 to 591
-45	-16	-10	-11	6	-20	-28	-22	cell = 592 to 599
12	-8	-32	-9	-38	-20	-27	6	cell = 600 to 607
-33	-12	-16	-45	20	11	-19	-49	cell = 608 to 615
1	-20	-19	2	-11	11	-27	9	cell = 616 to 623
13	-45	-23	-23	8	-1	-50	-40	cell = 624 to 631
-49	-71	-49	1	-37	-7	-37	-7	cell = 632 to 639
-25	0	-10	-22	-17	-32	-8	-11	cell = 640 to 647
-47	-3	-35	-41	-67	-10	-49	-5	cell = 648 to 655
-19	-56	2	5	-15	12	-13	0	cell = 656 to 663
-19	-4	12	-22	-28	20	-28	-19	cell = 664 to 671
-35	-3	-34	-7	-51	-25	-9	-30	cell = 672 to 679
-74	4	-25	-8	-49	-32	-42	24	cell = 680 to 687
-38	-6	-35	-21	-55	6	-36	17	cell = 688 to 695
-37	10	-10	-17	-26	-32	-3	-7	cell = 696 to 703
-49	-38	-34	-25	-63	-24	-12	2	cell = 704 to 711
-25	4	-11	-22	-23	79	-10	-6	cell = 712 to 719
-18	-18	-9	27	-23	-43	-3	7	cell = 720 to 727
-23	-18	13	10	-22	-24	0	-8	cell = 728 to 735
-20	-25	-28	-23	-26	-6	-28	-36	cell = 736 to 743
-22	-11	5	21	-31	-25	-27	-39	cell = 744 to 751
20	20	3	13	-3	-17	-16	-26	cell = 752 to 759
-15	-29	-4	-51	-15	-52	-20	-1	cell = 760 to 767
-29	-14	-33	-35	-45	-23	0	-12	cell = 768 to 775
5	13	17	-24	1	-15	-29	23	cell = 776 to 783
-43	-22	-21	-27	-41	-12	-30	-22	cell = 784 to 791
7	9	-48	-30	-9	-22	-43	5	cell = 792 to 799
6	-43	-19	-19	5	-20	-9	-5	cell = 800 to 807
-23	-5	-27	-37	14	-18	9	-10	cell = 808 to 815
-44	2	-41	-33	-9	-27	-6	9	cell = 816 to 823
-24	-6	-25	11	-9	8	-28	-7	cell = 824 to 831
27	27	-12	-18	0	5	-28	-32	cell = 832 to 839
-6	-22	-11	-28	-12	-48	-44	-11	cell = 840 to 847
-10	-21	-9	-16	-11	10	-9	-56	cell = 848 to 855
-12	-64	-5	-5	-63	-40	5	-54	cell = 856 to 863
-22	-6	-24	-11	19	-39	-29	8	cell = 864 to 871
42	-6	-15	-22	-19	-11	-7	17	cell = 872 to 879
16	-31	-43	39	-44	12	-29	18	cell = 880 to 887
-22	-45	-40	-28	-60	-40	-40	-37	cell = 888 to 895
-29	-22	-21	-4	-8	-4	32	-5	cell = 896 to 903
-2	0	-22	13	-34	-32	-60	-3	cell = 904 to 911
-2	-32	-45	5	-32	-34	-36	-12	cell = 912 to 919
-23	-26	22	6	-48	-24	-47	-27	cell = 920 to 927
-35	-20	12	7	-46	5	-27	-4	cell = 928 to 935
-13	-12	2	-62	-17	-24	-7	-25	cell = 936 to 943
-4	-23	6	13	-26	-48	1	-17	cell = 944 to 951
-13	-9	-14	30	-15	-23	-18	-22	cell = 952 to 959
-10	-46	12	-19	5	-5	-30	-11	cell = 960 to 967
-56	-12	-42	-7	-24	0	-13	-17	cell = 968 to 975
-31	-33	-17	4	-3	-30	-13	25	cell = 976 to 983
-10	-22	-8	-33	-41	-9	-33	26	cell = 984 to 991
9	-3	-17	-9	-80	-8	-22	-29	cell = 992 to 999
-16	20	-23	12	9	-28	-3	12	cell = 1000 to 1007
-71	-3	-37	-23	-77	12	-38	-12	cell = 1008 to 1015
-44	9	-66	-12	-50	3	7	44	cell = 1016 to 1023
Calibration values from cell 0 to 1024 for channel 4:

35	-21	45	-15	50	3	46	-3	cell = 0 to 7
44	3	60	-35	36	-14	54	-29	cell = 8 to 15
18	-7	39	4	43	32	50	5	cell = 16 to 23
20	-17	27	-36	22	11	5	7	cell = 24 to 31
63	-18	34	-29	10	-28	41	-36	cell = 32 to 39
42	-9	66	15	16	-6	68	-16	cell = 40 to 47
79	20	27	-27	45	7	64	11	cell = 48 to 55
25	4	18	-3	64	21	6	1	cell = 56 to 63
70	37	100	-35	45	-9	61	14	cell = 64 to 71
40	12	49	-13	47	-4	59	18	cell = 72 to 79
51	-39	40	23	63	-30	27	-29	cell = 80 to 87
5	6	-5	-36	57	-18	7	15	cell = 88 to 95
41	-6	42	-14	38	27	35	7	cell = 96 to 103
73	6	-2	23	43	18	32	-45	cell = 104 to 111
42	-22	36	29	46	-11	54	-5	cell = 112 to 119
46	14	9	13	27	28	5	-37	cell = 120 to 127
40	43	43	23	77	18	43	-17	cell = 128 to 135
71	2	38	-37	61	-2	33	10	cell = 136 to 143
71	25	19	6	63	-22	62	-23	cell = 144 to 151
74	15	61	-29	64	-8	19	24	cell = 152 to 159
60	-32	48	-24	81	35	18	-30	cell = 160 to 167
66	23	59	-7	71	-18	34	5	cell = 168 to 175
64	1	53	-10	31	22	79	1	cell = 176 to 183
48	-20	56	-52	32	-2	45	13	cell = 184 to 191
22	-27	2	-18	47	-9	3	-23	cell = 192 to 199
33	0	87	9	46	8	34	-19	cell = 200 to 207
57	9	44	7	59	-16	12	-6	cell = 208 to 215
52	-33	10	-22	79	5	15	17	cell = 216 to 223
50	-16	14	13	39	20	92	-30	cell = 224 to 231
32	-10	68	7	63	-19	42	32	cell = 232 to 239
15	26	78	-13	42	15	47	2	cell = 240 to 247
30	11	16	-17	55	-32	51	3	cell = 248 to 255
50	-63	52	-21	51	-17	51	3	cell = 256 to 263
77	-8	40	-2	55	-40	16	24	cell = 264 to 271
32	14	17	-27	30	36	19	29	cell = 272 to 279
2	12	48	-10	0	-39	34	-37	cell = 280 to 287
36	-24	62	6	58	-2	58	-8	cell = 288 to 295
30	-13	48	-3	61	-3	54	-13	cell = 296 to 303
19	-16	51	-13	48	-26	42	-18	cell = 304 to 311
46	-9	54	-12	57	-31	57	0	cell = 312 to 319
44	20	107	9	50	-77	46	-16	cell = 320 to 327
44	21	55	-9	42	9	53	-28	cell = 328 to 335
69	-6	61	-6	60	-15	12	8	cell = 336 to 343
27	-36	5	4	54	1	18	-8	cell = 344 to 351
40	4	65	9	53	4	51	1	cell = 352 to 359
21	-20	40	-29	18	-1	44	-9	cell = 360 to 367
45	16	71	25	74	28	36	-8	cell = 368 to 375
29	-10	59	-6	10	-21	21	-60	cell = 376 to 383
18	17	57	21	78	14	31	-35	cell = 384 to 391
36	55	33	24	18	-6	28	-37	cell = 392 to 399
49	-17	53	-24	67	-31	39	-12	cell = 400 to 407
59	-3	63	-10	2	-33	32	29	cell = 408 to 415
22	-2	24	10	23	11	30	13	cell = 416 to 423
21	-5	30	-11	60	-29	43	29	cell = 424 to 431
25	-37	21	2	34	1	52	23	cell = 432 to 439
45	-8	36	11	32	-20	42	17	cell = 440 to 447
31	-35	25	-16	42	-1	45	20	cell = 448 to 455
36	22	65	-5	73	-12	29	-6	cell = 456 to 463
-14	-29	27	-14	29	-5	43	-28	cell = 464 to 471
60	4	38	10	59	5	13	-3	cell = 472 to 479
58	-28	40	-2	60	-27	40	-5	cell = 480 to 487
32	6	40	-31	37	3	40	-2	cell = 488 to 495
76	-39	-1	-114	-34	-66	-23	-72	cell = 496 to 503
59	-28	7	-18	47	-37	24	-16	cell = 504 to 511
-32	-27	-26	-6	-10	-26	-19	-27	cell = 512 to 519
-22	3	-24	-2	-6	-15	-40	-19	cell = 520 to 527
3	-9	-9	2	-33	3	-47	-49	cell = 528 to 535
-13	16	8	0	9	-9	-32	-24	cell = 536 to 543
-28	1	-29	5	-22	-1	-5	-21	cell = 544 to 551
7	-28	-9	-12	22	5	-57	-20	cell = 552 to 559
-25	-9	-36	-51	-27	-50	-11	-2	cell = 560 to 567
-41	4	-16	-5	7	0	-26	-50	cell = 568 to 575
-58	-17	-32	-13	-34	22	-16	-26	cell = 576 to 583
-20	-9	-36	3	-1	6	-6	-50	cell = 584 to 591
-55	-10	-22	-3	-40	-25	-42	19	cell = 592 to 599
-27	-19	-26	-5	-41	-47	-48	-31	cell = 600 to 607
8	-28	10	-10	-22	12	-27	0	cell = 608 to 615
-2	2	-16	-14	-40	-14	0	-34	cell = 616 to 623
4	-6	-16	-30	-4	-27	-34	-22	cell = 624 to 631
-9	-49	-8	-41	-43	-17	11	4	cell = 632 to 639
-52	-5	-51	-43	-16	17	-29	-3	cell = 640 to 647
-37	-1	13	14	-23	-73	-21	-41	cell = 648 to 655
-25	-19	-27	-49	-25	8	-5	-42	cell = 656 to 663
4	-39	-12	-29	-56	-31	-20	-37	cell = 664 to 671
-43	-41	-25	-9	-37	-26	-17	-32	cell = 672 to 679
-44	-49	-41	-17	-34	-3	-28	-10	cell = 680 to 687
-23	-17	-18	-2	7	-27	-15	-1	cell = 688 to 695
-2	-16	14	-45	-34	-25	-27	-17	cell = 696 to 703
-43	-15	-43	-41	-8	-51	-8	-24	cell = 704 to 711
-8	12	-35	-5	-8	-28	-7	-7	cell = 712 to 719
-3	-23	-17	-5	14	-45	12	5	cell = 720 to 727
-49	0	-17	-18	1	-21	0	-13	cell = 728 to 735
-34	-33	-31	-31	-13	3	-32	-20	cell = 736 to 743
-33	12	-24	-33	22	-9	-26	-24	cell = 744 to 751
20	-19	-21	-32	-26	-20	-16	-5	cell = 752 to 759
-59	-39	7	-12	-42	-4	-45	-29	cell = 760 to 767
-20	-16	-32	-17	-36	-33	-21	-17	cell = 768 to 775
-40	-87	-12	2	-23	-53	-15	-43	cell = 776 to 783
-24	6	-48	-13	-23	-33	2	-34	cell = 784 to 791
-14	-60	25	18	-35	-30	-47	1	cell = 792 to 799
-37	-31	-13	-35	32	-29	-29	-15	cell = 800 to 807
-26	9	-20	-26	-25	-21	-31	-19	cell = 808 to 815
27	-38	4	-24	-27	-22	8	-14	cell = 816 to 823
-5	9	-37	23	-35	9	9	-47	cell = 824 to 831
-19	-16	4	-36	-62	-29	-17	9	cell = 832 to 839
-18	4	-5	-14	-40	18	-9	1	cell = 840 to 847
-10	-22	-24	6	4	-50	40	-6	cell = 848 to 855
-40	-26	-32	6	-14	-45	-28	18	cell = 856 to 863
-49	-12	-23	-16	-12	-61	0	-9	cell = 864 to 871
-12	-30	-6	-10	5	-32	-20	-25	cell = 872 to 879
-24	11	5	0	5	-6	11	-9	cell = 880 to 887
6	-8	-36	-30	-21	7	9	-17	cell = 888 to 895
-26	8	-60	-24	8	0	-17	-14	cell = 896 to 903
-10	-25	7	-6	5	-18	14	-16	cell = 904 to 911
-38	-66	8	-31	-8	-12	-59	-25	cell = 912 to 919
22	29	-4	-10	4	23	-3	-21	cell = 920 to 927
-25	-29	-20	27	-24	9	-19	-53	cell = 928 to 935
-33	10	-7	3	6	-34	-12	-2	cell = 936 to 943
-18	17	-11	9	12	-12	9	-4	cell = 944 to 951
-60	-44	-17	-17	-2	-42	-5	-18	cell = 952 to 959
-29	-27	9	4	-16	-22	-8	-28	cell = 960 to 967
-16	12	-7	-29	0	-13	-57	-8	cell = 968 to 975
-40	-18	22	-12	-17	-17	-21	-50	cell = 976 to 983
-25	-4	-14	-41	0	-24	-14	-36	cell = 984 to 991
-39	-11	-60	-2	-64	-61	-25	-42	cell = 992 to 999
-37	-8	-24	7	-4	28	-58	-28	cell = 1000 to 1007
-32	-20	-3	-20	-16	-11	-34	-55	cell = 1008 to 1015
-10	30	-33	-42	-22	-12	-15	-3	cell = 1016 to 1023
Calibration values from cell 0 to 1024 for channel 5:

66	1	34	-34	26	-13	5	-2	cell = 0 to 7
58	14	88	-18	36	-27	55	8	cell = 8 to 15
80	-22	95	-30	32	0	10	25	cell = 16 to 23
43	13	71	18	38	12	4	28	cell = 24 to 31
33	4	45	-7	41	15	13	-5	cell = 32 to 39
24	-12	76	21	59	-9	66	-37	cell = 40 to 47
50	-9	24	-22	41	-28	60	-3	cell = 48 to 55
28	-63	39	6	31	-21	57	-45	cell = 56 to 63
23	-16	39	15	74	-13	44	-6	cell = 64 to 71
57	18	86	-29	66	-7	37	-5	cell = 72 to 79
51	6	83	-2	30	-6	18	14	cell = 80 to 87
47	15	1	28	26	-43	26	-9	cell = 88 to 95
37	-23	74	-12	35	3	58	2	cell = 96 to 103
38	-9	26	-4	56	16	46	13	cell = 104 to 111
67	6	33	6	63	8	40	-21	cell = 112 to 119
45	-29	8	-1	63	-48	8	-30	cell = 120 to 127
39	21	31	8	45	9	49	-10	cell = 128 to 135
57	-9	63	21	54	-19	49	6	cell = 136 to 143
70	33	47	22	31	13	39	35	cell = 144 to 151
59	-46	30	-12	39	-45	-11	-22	cell = 152 to 159
58	-17	15	-18	32	-18	45	27	cell = 160 to 167
84	0	-2	1	16	-8	7	-37	cell = 168 to 175
43	-24	59	-21	84	-30	34	27	cell = 176 to 183
60	19	39	5	73	-41	10	-66	cell = 184 to 191
45	-8	22	-7	59	-19	27	-12	cell = 192 to 199
39	33	12	9	59	-50	56	-14	cell = 200 to 207
44	-25	6	2	57	-14	57	11	cell = 208 to 215
22	6	43	-16	54	12	22	-25	cell = 216 to 223
68	-27	30	13	28	32	35	-21	cell = 224 to 231
45	30	38	-13	73	4	59	-12	cell = 232 to 239
57	0	25	-13	30	17	45	0	cell = 240 to 247
28	-23	31	-44	45	-20	30	2	cell = 248 to 255
9	-14	50	8	-7	17	43	-11	cell = 256 to 263
56	-25	43	15	85	-14	36	4	cell = 264 to 271
42	-9	54	-18	64	-29	61	31	cell = 272 to 279
74	-13	4	-4	50	22	10	6	cell = 280 to 287
19	-2	-12	-43	23	-6	54	-29	cell = 288 to 295
67	-3	76	20	62	-31	45	-10	cell = 296 to 303
28	7	28	15	20	0	43	14	cell = 304 to 311
47	-4	24	2	88	12	38	-23	cell = 312 to 319
11	-40	33	-4	60	34	37	-41	cell = 320 to 327
61	-11	39	-9	23	-13	18	3	cell = 328 to 335
94	19	55	-27	35	-8	47	-10	cell = 336 to 343
53	-13	39	-32	66	-27	35	-17	cell = 344 to 351
33	13	-3	-12	34	14	82	15	cell = 352 to 359
38	-10	63	5	25	-22	51	-5	cell = 360 to 367
52	11	58	-12	24	-15	62	-61	cell = 368 to 375
63	-22	18	23	26	-19	19	28	cell = 376 to 383
11	-22	43	-45	23	-11	23	10	cell = 384 to 391
45	-28	14	54	64	-17	32	-23	cell = 392 to 399
39	-32	47	9	53	6	24	3	cell = 400 to 407
18	9	2	10	33	24	60	-28	cell = 408 to 415
45	-19	1	-9	36	-8	34	-10	cell = 416 to 423
1	-35	39	-29	33	6	29	13	cell = 424 to 431
39	-18	16	-8	50	27	-6	12	cell = 432 to 439
48	-29	43	-18	17	0	2	8	cell = 440 to 447
37	-37	37	22	44	-26	42	-15	cell = 448 to 455
5	9	49	-65	16	-24	22	-7	cell = 456 to 463
51	3	32	-2	39	-15	49	-70	cell = 464 to 471
74	-48	8	-22	37	-10	35	-31	cell = 472 to 479
51	-52	11	18	73	-22	36	-21	cell = 480 to 487
39	-30	31	-16	35	-10	70	-33	cell = 488 to 495
50	-1	-34	-75	-30	-39	-52	-92	cell = 496 to 503
36	11	24	-18	30	-11	32	-27	cell = 504 to 511
-4	-22	-63	-41	-34	-3	-12	-25	cell = 512 to 519
-22	-1	-29	-27	-21	-18	-58	-23	cell = 520 to 527
-4	-17	-45	-26	13	-38	-39	-59	cell = 528 to 535
-31	-28	-46	-13	-22	-32	-22	-25	cell = 536 to 543
-48	13	-17	0	-14	-11	23	-14	cell = 544 to 551
-63	-44	-5	-4	-6	-21	-58	-18	cell = 552 to 559
-7	-11	-46	-5	-26	8	-34	-4	cell = 560 to 567
-7	-41	-8	0	0	-21	-27	-17	cell = 568 to 575
-5	-41	-22	-51	3	-18	3	10	cell = 576 to 583
-7	13	-27	-49	-25	-59	-17	-34	cell = 584 to 591
7	9	-19	-9	-3	17	-21	-7	cell = 592 to 599
14	-27	-17	-32	-24	-32	9	-15	cell = 600 to 607
4	-39	-39	-5	0	0	-8	-5	cell = 608 to 615
-6	-16	-13	-22	-31	-44	-32	2	cell = 616 to 623
-27	-16	-51	1	-39	-3	-22	-32	cell = 624 to 631
-46	-19	-56	-16	-30	-14	-39	-2	cell = 632 to 639
-59	-20	-40	-30	-34	8	-36	8	cell = 640 to 647
-21	-7	-5	-8	2	3	-19	-22	cell = 648 to 655
-3	6	0	-34	22	-6	-50	31	cell = 656 to 663
-22	14	-27	-7	3	-25	-19	-46	cell = 664 to 671
-32	-26	-12	-10	-18	-6	17	-7	cell = 672 to 679
3	36	-3	-12	-44	2	27	-37	cell = 680 to 687
-27	2	-31	-23	-22	-12	-29	16	cell = 688 to 695
-6	-16	-16	-5	-15	0	-30	1	cell = 696 to 703
-18	-24	-26	-37	-30	-7	0	3	cell = 704 to 711
7	-15	-11	23	-46	-18	-15	-27	cell = 712 to 719
0	-38	-17	21	-20	-16	0	-33	cell = 720 to 727
-4	-26	6	-2	-10	6	-57	-2	cell = 728 to 735
0	-21	-38	10	-50	14	3	4	cell = 736 to 743
-42	-41	0	-25	-16	25	-3	15	cell = 744 to 751
-18	-48	-32	-20	-44	-70	0	-43	cell = 752 to 759
-48	-1	-18	-44	-27	-36	3	3	cell = 760 to 767
-59	-47	-14	-68	-12	1	-88	-3	cell = 768 to 775
-41	-12	29	-18	-27	11	-21	-53	cell = 776 to 783
-5	-2	16	-44	0	10	2	-33	cell = 784 to 791
-23	0	-28	-28	-2	10	4	2	cell = 792 to 799
-38	5	-13	6	-27	-41	-38	0	cell = 800 to 807
-25	3	-13	9	-21	-7	-14	9	cell = 808 to 815
-28	-15	0	-16	-22	20	-37	-6	cell = 816 to 823
-91	-38	-35	-23	9	-7	-33	-11	cell = 824 to 831
-26	1	-11	-13	-7	-33	1	-17	cell = 832 to 839
-30	-3	-32	14	-39	-72	-16	-31	cell = 840 to 847
-14	-15	-36	-6	-7	37	-42	12	cell = 848 to 855
-24	-32	-19	-39	-47	1	-18	-17	cell = 856 to 863
-16	-24	-12	-20	-29	-31	13	-16	cell = 864 to 871
5	22	7	-42	-9	-71	-23	16	cell = 872 to 879
-25	28	-18	0	0	-28	9	12	cell = 880 to 887
-54	-23	-16	6	5	-58	-16	-9	cell = 888 to 895
-10	-18	-16	11	22	-19	-19	-37	cell = 896 to 903
13	13	31	43	-38	-30	39	-36	cell = 904 to 911
7	22	-8	13	-41	13	-19	16	cell = 912 to 919
-23	0	-25	-10	-22	-19	-2	-4	cell = 920 to 927
13	-45	-6	-6	20	-4	-20	14	cell = 928 to 935
11	2	11	-39	-30	-39	-41	-12	cell = 936 to 943
-23	-2	1	-37	-66	-22	-25	-27	cell = 944 to 951
-14	0	8	-4	-5	3	-24	-28	cell = 952 to 959
-36	-20	17	-49	-41	2	17	-31	cell = 960 to 967
16	23	-24	5	-19	0	-1	20	cell = 968 to 975
-19	-7	6	36	0	-56	-29	9	cell = 976 to 983
-13	18	-34	-8	-47	-11	-35	8	cell = 984 to 991
-47	-8	-29	-24	1	1	-19	-6	cell = 992 to 999
-8	16	-18	-37	-37	-10	-21	16	cell = 1000 to 1007
-31	-14	-35	-56	-32	2	-14	-14	cell = 1008 to 1015
2	5	-38	-39	12	-47	-37	-48	cell = 1016 to 1023
Calibration values from cell 0 to 1024 for channel 6:

-3	-9	13	32	36	5	66	22	cell = 0 to 7
60	9	27	25	-5	-8	13	8	cell = 8 to 15
50	-10	44	-1	57	-25	61	-7	cell = 16 to 23
48	6	27	35	61	-5	32	-16	cell = 24 to 31
17	-53	35	-23	-7	33	60	-8	cell = 32 to 39
29	26	59	-26	7	-11	61	16	cell = 40 to 47
63	28	35	-24	26	-42	21	-17	cell = 48 to 55
56	-22	30	15	16	-35	53	-8	cell = 56 to 63
38	18	68	3	25	8	62	3	cell = 64 to 71
44	-8	71	23	22	23	70	6	cell = 72 to 79
52	-13	19	7	32	-19	96	-34	cell = 80 to 87
52	0	26	3	72	14	-11	-18	cell = 88 to 95
32	-20	86	10	57	-7	54	15	cell = 96 to 103
43	-9	43	22	59	-28	51	-15	cell = 104 to 111
52	-32	24	-32	50	11	23	-31	cell = 112 to 119
37	23	17	-10	48	-25	39	-6	cell = 120 to 127
49	-12	41	-11	56	-7	32	0	cell = 128 to 135
60	-22	10	-3	73	-40	67	-5	cell = 136 to 143
50	3	27	0	103	-10	30	5	cell = 144 to 151
34	0	54	-19	37	-6	74	-45	cell = 152 to 159
88	-5	43	-12	33	35	16	-46	cell = 160 to 167
57	34	33	27	63	20	23	-24	cell = 168 to 175
15	-3	47	10	38	-15	41	3	cell = 176 to 183
56	22	43	-14	67	-35	76	-10	cell = 184 to 191
36	-39	65	-26	18	2	22	-20	cell = 192 to 199
48	-6	73	10	30	-40	20	13	cell = 200 to 207
5	7	37	5	86	-23	10	-8	cell = 208 to 215
38	-25	45	-1	74	5	58	0	cell = 216 to 223
20	-14	12	9	61	19	14	38	cell = 224 to 231
31	-22	44	10	5	-27	40	-18	cell = 232 to 239
59	-33	42	-51	59	8	49	-16	cell = 240 to 247
48	25	43	2	28	-36	59	-3	cell = 248 to 255
26	2	48	-12	40	-1	38	-8	cell = 256 to 263
21	-15	53	40	26	11	50	-16	cell = 264 to 271
15	-17	3	-30	29	23	58	-59	cell = 272 to 279
3	9	41	14	31	-32	66	-8	cell = 280 to 287
67	28	25	23	74	-29	45	-34	cell = 288 to 295
47	-12	-2	20	35	36	35	-69	cell = 296 to 303
36	24	49	2	41	-18	51	-7	cell = 304 to 311
70	-15	78	-22	48	-14	56	-27	cell = 312 to 319
36	-26	7	4	71	-32	33	-21	cell = 320 to 327
19	32	97	11	0	6	52	-6	cell = 328 to 335
-2	4	41	-10	49	-36	41	4	cell = 336 to 343
44	11	43	1	49	-12	11	-6	cell = 344 to 351
39	-15	18	1	56	-5	37	-29	cell = 352 to 359
27	-9	6	2	25	-21	60	-22	cell = 360 to 367
13	-18	29	47	47	-2	60	-31	cell = 368 to 375
74	3	42	11	68	-12	20	-12	cell = 376 to 383
22	-22	66	-21	52	-15	40	-12	cell = 384 to 391
47	-38	65	-22	68	-30	43	-2	cell = 392 to 399
-1	25	34	0	46	-29	34	-71	cell = 400 to 407
41	-19	-9	-19	67	-30	15	0	cell = 408 to 415
26	16	45	-30	68	30	22	3	cell = 416 to 423
45	-8	35	54	39	13	14	-8	cell = 424 to 431
48	-10	26	0	20	-40	71	11	cell = 432 to 439
45	-3	52	-50	32	33	37	-33	cell = 440 to 447
24	-5	61	0	22	13	58	1	cell = 448 to 455
55	-39	14	0	48	11	43	-42	cell = 456 to 463
44	-9	39	-25	40	-18	44	28	cell = 464 to 471
34	-16	15	1	28	-6	24	17	cell = 472 to 479
68	2	63	-25	41	11	51	-31	cell = 480 to 487
27	-11	31	-10	24	-9	68	-3	cell = 488 to 495
64	0	-2	-95	-48	-86	-6	-85	cell = 496 to 503
56	7	16	-26	26	-11	5	-47	cell = 504 to 511
-15	-22	-44	-43	-39	-23	-11	-17	cell = 512 to 519
-10	-17	-4	-20	-53	-21	-21	-26	cell = 520 to 527
-47	4	-28	-37	-6	-21	-22	-11	cell = 528 to 535
-7	-9	-20	-14	-24	-21	-62	-19	cell = 536 to 543
-36	-2	-56	-19	-28	-7	6	-30	cell = 544 to 551
-43	-4	-31	-15	-6	-55	-10	7	cell = 552 to 559
-18	-36	-30	-22	-14	-8	-19	-46	cell = 560 to 567
-34	-3	-52	-60	-18	-20	-23	-24	cell = 568 to 575
-55	-10	-8	-13	-46	-12	-30	9	cell = 576 to 583
-20	-29	13	-40	-43	-23	-54	-20	cell = 584 to 591
-9	-12	-60	-9	-19	-41	-30	0	cell = 592 to 599
-11	11	-11	-29	-46	-38	-2	-33	cell = 600 to 607
-44	-70	-17	-52	-23	2	-18	-40	cell = 608 to 615
-6	-58	-40	34	21	-15	-30	-40	cell = 616 to 623
6	13	7	-28	9	-3	-14	1	cell = 624 to 631
-15	2	-2	-20	-34	-18	18	-16	cell = 632 to 639
-12	-34	24	-60	-32	-39	-4	-7	cell = 640 to 647
-13	1	4	1	4	4	-37	-6	cell = 648 to 655
-24	-20	-12	-34	4	-12	-8	-26	cell = 656 to 663
-30	-18	-9	6	-64	-6	-36	3	cell = 664 to 671
-44	-23	-15	14	-11	-3	26	11	cell = 672 to 679
-12	-2	-22	28	-7	-26	-35	18	cell = 680 to 687
-24	-32	7	16	-21	-11	-65	-9	cell = 688 to 695
-23	-11	-24	20	0	-8	-19	8	cell = 696 to 703
-14	-2	-22	-22	-16	5	-59	-16	cell = 704 to 711
-5	-7	1	-2	-5	1	-28	-6	cell = 712 to 719
-38	-37	0	-36	3	-26	-45	-19	cell = 720 to 727
-25	-28	-6	-13	-53	-49	-19	-14	cell = 728 to 735
10	0	3	-3	7	-37	-18	-16	cell = 736 to 743
-18	-27	6	18	-53	-6	-11	-40	cell = 744 to 751
-5	-42	-30	21	-30	-13	-33	-10	cell = 752 to 759
-3	-4	17	-40	0	-26	-18	-11	cell = 760 to 767
-54	26	-5	36	-25	9	-12	-56	cell = 768 to 775
-22	23	-37	8	-28	-24	-41	-23	cell = 776 to 783
-39	-4	-42	-1	-47	-23	-3	-33	cell = 784 to 791
0	-5	-22	-45	2	-22	-35	-70	cell = 792 to 799
-16	0	-37	-33	-9	4	-36	-12	cell = 800 to 807
-26	13	-41	-11	-10	-19	-23	6	cell = 808 to 815
-28	-9	-12	-7	-26	-32	-39	-23	cell = 816 to 823
-33	1	-5	-15	-45	-47	-7	-25	cell = 824 to 831
-5	-8	-3	-15	2	-24	31	-2	cell = 832 to 839
-27	-46	22	15	14	22	-4	-11	cell = 840 to 847
-39	-9	12	-15	-41	-2	-12	4	cell = 848 to 855
-10	-21	-72	-58	-37	-19	-31	-54	cell = 856 to 863
-51	-14	-10	8	-14	-19	-20	-56	cell = 864 to 871
0	5	-20	-19	17	-45	13	-28	cell = 872 to 879
-18	13	-28	29	23	9	20	-28	cell = 880 to 887
-57	-33	-24	-21	-54	-16	28	0	cell = 888 to 895
-24	-6	-54	-10	0	0	-35	-32	cell = 896 to 903
-46	-28	-25	8	-24	19	-6	16	cell = 904 to 911
2	-31	-12	-4	-14	-6	-46	-2	cell = 912 to 919
-32	-33	2	11	-31	24	-22	-29	cell = 920 to 927
-18	-48	-36	-17	-6	-15	-34	-19	cell = 928 to 935
-30	-22	-4	-11	19	-14	0	-3	cell = 936 to 943
-31	-7	-17	3	29	-2	-10	-5	cell = 944 to 951
-30	-13	-41	4	-10	-8	-25	22	cell = 952 to 959
10	-29	-43	-18	-20	-39	-14	-3	cell = 960 to 967
-26	16	-4	1	-18	-22	-42	9	cell = 968 to 975
-24	16	-36	-2	-18	-12	-14	28	cell = 976 to 983
2	-26	-19	-20	-12	-11	-7	13	cell = 984 to 991
-43	-14	-20	-22	-26	-18	2	-7	cell = 992 to 999
-5	-26	-9	-48	-29	2	-30	-21	cell = 1000 to 1007
-20	-18	-21	-8	-29	10	-19	8	cell = 1008 to 1015
-21	-29	26	-20	-18	-23	16	-30	cell = 1016 to 1023
Calibration values from cell 0 to 1024 for channel 7:

68	-11	16	-18	22	3	15	-35	cell = 0 to 7
81	-33	46	13	63	-22	52	-8	cell = 8 to 15
9	-37	34	-7	35	35	22	-3	cell = 16 to 23
48	-15	20	-5	75	-22	27	-15	cell = 24 to 31
54	44	26	-38	40	0	65	0	cell = 32 to 39
23	-12	28	5	34	-20	46	2	cell = 40 to 47
32	-21	40	24	51	2	59	-30	cell = 48 to 55
54	34	31	-15	37	-12	9	-15	cell = 56 to 63
53	4	32	-16	72	-22	56	-42	cell = 64 to 71
52	-4	47	20	36	5	36	-15	cell = 72 to 79
18	6	30	-6	34	-11	46	-12	cell = 80 to 87
94	4	34	8	35	12	36	-31	cell = 88 to 95
18	13	72	-8	79	-20	71	14	cell = 96 to 103
48	-8	30	-5	42	10	58	-5	cell = 104 to 111
43	-2	48	26	3	-39	72	6	cell = 112 to 119
33	0	-2	-58	48	-4	60	12	cell = 120 to 127
58	-3	65	-9	71	17	33	-3	cell = 128 to 135
42	11	70	-27	24	9	36	-16	cell = 136 to 143
65	-12	10	30	88	-23	47	-20	cell = 144 to 151
90	-27	40	-14	80	-15	16	-15	cell = 152 to 159
66	-31	36	11	22	17	38	4	cell = 160 to 167
11	-37	45	5	-3	-37	16	46	cell = 168 to 175
79	22	64	12	24	24	15	5	cell = 176 to 183
25	-6	20	-21	45	-44	-17	-33	cell = 184 to 191
26	-43	59	-22	31	-23	39	-7	cell = 192 to 199
6	-2	67	-30	8	-47	34	-11	cell = 200 to 207
-3	-37	75	-30	45	22	15	-23	cell = 208 to 215
36	18	3	1	34	-19	43	-8	cell = 216 to 223
9	-4	48	-20	53	31	25	41	cell = 224 to 231
53	19	48	10	25	-29	60	20	cell = 232 to 239
43	-46	48	0	40	22	29	1	cell = 240 to 247
49	1	74	-3	74	-7	22	-5	cell = 248 to 255
5	-9	58	-29	50	-17	37	33	cell = 256 to 263
52	1	23	-19	41	4	29	16	cell = 264 to 271
24	11	79	-29	57	31	69	4	cell = 272 to 279
-2	2	51	-16	23	17	41	-4	cell = 280 to 287
54	3	45	-15	66	20	47	1	cell = 288 to 295
56	13	53	19	36	-31	34	-9	cell = 296 to 303
45	12	76	40	17	-18	28	-6	cell = 304 to 311
52	3	19	-14	48	-53	6	-4	cell = 312 to 319
52	8	32	13	70	-38	54	-29	cell = 320 to 327
-7	-16	74	-11	14	19	53	-3	cell = 328 to 335
59	15	26	3	23	23	48	-1	cell = 336 to 343
46	-21	10	4	36	2	16	-31	cell = 344 to 351
23	-21	53	-11	39	-10	45	23	cell = 352 to 359
57	3	35	9	37	-13	19	-12	cell = 360 to 367
6	-19	47	27	8	5	8	-16	cell = 368 to 375
36	-3	76	-10	34	-25	13	-6	cell = 376 to 383
41	-9	52	-21	33	-25	27	-4	cell = 384 to 391
51	-7	48	-26	54	12	65	-3	cell = 392 to 399
60	-18	50	17	1	-27	18	41	cell = 400 to 407
45	-28	51	-39	20	-30	16	-4	cell = 408 to 415
65	-53	15	-9	31	-23	30	-22	cell = 416 to 423
38	-55	14	-7	90	-19	39	12	cell = 424 to 431
84	-6	19	23	23	7	47	16	cell = 432 to 439
65	-15	41	-12	60	-18	25	-40	cell = 440 to 447
30	-13	27	6	62	-5	29	13	cell = 448 to 455
67	-48	17	9	26	5	40	12	cell = 456 to 463
4	-3	22	-10	40	-8	46	-3	cell = 464 to 471
3	20	7	-29	26	-30	24	-15	cell = 472 to 479
56	-23	31	9	23	3	0	0	cell = 480 to 487
37	0	18	3	32	4	45	11	cell = 488 to 495
67	-32	0	-71	-9	-78	-71	-89	cell = 496 to 503
42	7	25	-34	14	-42	31	-8	cell = 504 to 511
-89	-36	-24	-14	9	-41	-19	-18	cell = 512 to 519
-33	-29	-3	21	-8	-32	5	-42	cell = 520 to 527
28	-53	4	-24	-28	-18	-7	-28	cell = 528 to 535
-25	-31	-33	13	-11	-41	-16	-25	cell = 536 to 543
-54	-20	-24	-13	-17	-16	15	-6	cell = 544 to 551
-56	-15	-45	10	-15	-31	-4	-22	cell = 552 to 559
15	-12	-2	4	-86	-29	4	-4	cell = 560 to 567
-47	-7	-28	-8	-32	-21	-3	-36	cell = 568 to 575
-58	-11	-52	-7	-47	-11	10	-25	cell = 576 to 583
-26	-28	33	18	-41	5	-11	15	cell = 584 to 591
-14	-25	15	-12	-22	-36	-52	0	cell = 592 to 599
-51	-9	-22	-47	-90	-57	-1	-4	cell = 600 to 607
-10	-13	-36	-10	-7	12	-42	0	cell = 608 to 615
-47	-22	-2	-21	-42	-1	-48	-12	cell = 616 to 623
0	-23	-35	-42	-36	-50	10	-25	cell = 624 to 631
-44	9	-2	-25	-43	-27	-43	-32	cell = 632 to 639
-10	-11	-27	11	-30	-6	-11	-35	cell = 640 to 647
3	-17	-12	-66	-16	-32	31	12	cell = 648 to 655
-18	5	-24	-18	-25	8	-21	10	cell = 656 to 663
-23	-8	2	-65	4	2	-11	-18	cell = 664 to 671
-6	-27	-49	-47	-33	-1	-9	-14	cell = 672 to 679
-32	3	-14	-6	-28	-7	-22	-20	cell = 680 to 687
-46	-27	-45	-36	-28	12	-36	-11	cell = 688 to 695
-3	-8	-14	10	-1	-18	-66	0	cell = 696 to 703
1	4	-21	-6	-4	-43	-24	15	cell = 704 to 711
-27	-5	-14	-27	5	6	-53	-7	cell = 712 to 719
-20	14	5	-17	-14	0	-41	-14	cell = 720 to 727
-71	-8	-2	31	-13	-1	7	-2	cell = 728 to 735
-8	-4	-44	-32	-22	2	-41	-20	cell = 736 to 743
0	47	-5	-17	-30	-42	-17	12	cell = 744 to 751
-37	-22	-25	-44	11	-57	-15	-37	cell = 752 to 759
-32	-5	-13	-1	-8	-11	0	17	cell = 760 to 767
-34	-22	-25	7	0	-19	-8	-13	cell = 768 to 775
-17	-23	-3	-7	-16	-11	20	-39	cell = 776 to 783
-9	-12	3	32	4	-28	-3	16	cell = 784 to 791
-50	-29	0	32	-25	-23	-33	-11	cell = 792 to 799
-53	2	-31	-57	36	21	-19	12	cell = 800 to 807
-54	-29	24	-26	-8	10	43	-2	cell = 808 to 815
-6	-40	-35	-4	6	5	-32	7	cell = 816 to 823
-4	-26	-43	48	14	9	1	-54	cell = 824 to 831
2	-43	-5	-48	-44	12	-24	14	cell = 832 to 839
-31	2	5	-20	-39	18	-10	-5	cell = 840 to 847
-12	-43	-12	-13	-33	19	-10	-34	cell = 848 to 855
-46	1	18	-14	-31	22	-3	-7	cell = 856 to 863
23	-13	-19	-9	-51	35	-10	1	cell = 864 to 871
-19	-9	-9	1	-11	3	-27	-11	cell = 872 to 879
17	-13	-17	-19	-8	-4	-29	-58	cell = 880 to 887
-21	-16	-22	-53	-41	27	-20	-39	cell = 888 to 895
-67	-57	-5	0	-1	6	-16	-27	cell = 896 to 903
-33	-5	-9	8	-1	-11	13	-16	cell = 904 to 911
-27	7	-8	-28	-9	-38	-35	-6	cell = 912 to 919
-37	-19	15	-42	-26	-24	-12	1	cell = 920 to 927
-28	-26	27	-21	-46	0	4	-30	cell = 928 to 935
-13	-11	-45	6	-45	0	-14	-33	cell = 936 to 943
-72	-30	2	6	-49	-8	15	29	cell = 944 to 951
-7	-29	23	2	-5	-19	-24	-12	cell = 952 to 959
-34	-23	-31	-36	-44	-17	9	16	cell = 960 to 967
12	10	17	-27	-46	-32	-22	-46	cell = 968 to 975
-9	-20	-32	25	-8	-10	-23	21	cell = 976 to 983
-33	-6	-32	-17	-26	-32	-27	-6	cell = 984 to 991
14	-8	-1	-19	-4	-1	7	0	cell = 992 to 999
-9	-21	4	-30	-6	-14	-27	7	cell = 1000 to 1007
-25	5	-17	-31	-4	10	-60	-32	cell = 1008 to 1015
0	-59	-23	-32	-28	-27	-8	-8	cell = 1016 to 1023
Calibration values from cell 0 to 1024 for channel 8:

57	18	52	-11	84	17	69	-16	cell = 0 to 7
39	-8	23	20	60	-2	63	2	cell = 8 to 15
76	7	30	27	71	11	73	-17	cell = 16 to 23
64	13	52	63	42	16	35	8	cell = 24 to 31
36	-5	74	15	62	1	46	-22	cell = 32 to 39
73	19	37	-3	21	1	51	15	cell = 40 to 47
46	4	43	18	19	-17	29	45	cell = 48 to 55
11	18	59	-21	52	19	51	7	cell = 56 to 63
88	-3	3	9	70	-2	28	10	cell = 64 to 71
61	34	66	0	21	19	52	-11	cell = 72 to 79
4	8	48	4	68	5	85	19	cell = 80 to 87
15	-10	23	-38	18	14	54	-40	cell = 88 to 95
22	-2	43	9	12	26	73	9	cell = 96 to 103
28	6	86	-16	-11	3	22	39	cell = 104 to 111
54	-32	32	47	58	-4	24	18	cell = 112 to 119
22	-24	31	-42	33	-44	18	-33	cell = 120 to 127
29	-19	60	-22	27	-18	50	21	cell = 128 to 135
93	19	22	0	16	12	67	-20	cell = 136 to 143
30	10	54	20	34	-19	25	-45	cell = 144 to 151
63	-10	40	-45	31	5	12	-29	cell = 152 to 159
30	7	64	5	57	-38	59	14	cell = 160 to 167
50	7	26	-12	72	-14	70	-8	cell = 168 to 175
76	17	35	4	44	10	61	32	cell = 176 to 183
74	0	57	-23	69	-22	32	-11	cell = 184 to 191
65	-18	60	19	20	-26	73	22	cell = 192 to 199
87	-13	82	-18	41	-27	12	2	cell = 200 to 207
25	32	68	19	89	2	65	-45	cell = 208 to 215
40	-20	45	11	17	-33	38	28	cell = 216 to 223
52	-43	19	19	55	11	79	22	cell = 224 to 231
53	8	35	6	57	4	59	-17	cell = 232 to 239
53	13	47	-57	41	-14	35	11	cell = 240 to 247
19	33	0	-22	38	-51	33	16	cell = 248 to 255
29	19	38	-72	54	-38	85	8	cell = 256 to 263
78	6	12	12	36	-33	79	-1	cell = 264 to 271
70	-13	78	-38	52	-24	55	-8	cell = 272 to 279
50	4	28	3	30	-29	72	-33	cell = 280 to 287
50	-7	11	-3	52	-26	32	-31	cell = 288 to 295
50	-10	25	-17	38	29	41	2	cell = 296 to 303
40	-35	-15	-13	45	-36	23	1	cell = 304 to 311
47	-21	66	-14	57	-28	14	14	cell = 312 to 319
34	-10	52	8	78	-13	67	-19	cell = 320 to 327
61	-6	69	9	63	-13	43	-32	cell = 328 to 335
78	7	26	-12	57	-19	38	5	cell = 336 to 343
30	31	37	-29	50	-6	38	6	cell = 344 to 351
44	-14	33	11	41	10	56	-25	cell = 352 to 359
47	-16	78	6	24	7	20	9	cell = 360 to 367
45	-33	52	-17	51	-36	16	-20	cell = 368 to 375
59	-26	76	-19	41	-4	35	6	cell = 376 to 383
50	3	45	-40	36	38	63	-12	cell = 384 to 391
52	13	30	-20	60	-35	29	-20	cell = 392 to 399
25	-20	40	20	42	19	74	-13	cell = 400 to 407
34	-17	40	20	31	4	-13	-19	cell = 408 to 415
33	4	38	-5	32	9	39	-4	cell = 416 to 423
38	44	48	26	59	-18	30	19	cell = 424 to 431
13	-38	56	2	47	6	4	-34	cell = 432 to 439
28	17	49	-51	23	6	31	-3	cell = 440 to 447
38	2	45	-12	51	-10	62	58	cell = 448 to 455
64	-6	28	28	1	16	35	-31	cell = 456 to 463
46	-3	58	-41	69	-9	65	20	cell = 464 to 471
28	-36	43	-17	26	9	5	33	cell = 472 to 479
79	-16	47	-23	37	4	43	-13	cell = 480 to 487
60	22	17	-4	28	20	30	7	cell = 488 to 495
50	-32	-44	-95	-80	-76	-15	-103	cell = 496 to 503
60	-22	37	-29	63	-45	6	-27	cell = 504 to 511
-58	-70	-60	-29	-18	-38	-42	-16	cell = 512 to 519
-56	-10	6	-66	-39	-10	2	-58	cell = 520 to 527
-20	-25	-56	-30	-36	-35	-3	-38	cell = 528 to 535
-16	-19	8	14	-30	-36	-57	-42	cell = 536 to 543
-27	-14	6	-60	22	-14	-35	-13	cell = 544 to 551
-44	-44	-29	0	6	-40	-29	-75	cell = 552 to 559
-24	-11	-28	10	-49	-9	-22	-42	cell = 560 to 567
-9	-18	-14	-18	-10	-38	-27	-28	cell = 568 to 575
17	5	-55	-30	-52	-3	-26	-4	cell = 576 to 583
1	19	0	-13	-29	-20	-13	-40	cell = 584 to 591
-28	-19	-20	-47	-4	-12	12	-29	cell = 592 to 599
-27	7	-19	-61	-16	-39	-22	-10	cell = 600 to 607
-45	-26	-19	-27	-18	-24	-2	1	cell = 608 to 615
-75	-24	-11	-28	-3	-19	-38	-12	cell = 616 to 623
-46	20	-52	-48	-32	0	-9	13	cell = 624 to 631
-3	-15	-41	-8	-20	-24	-20	-29	cell = 632 to 639
-43	-50	-69	-37	-9	-4	-23	-30	cell = 640 to 647
-66	10	-19	16	-7	-13	-19	2	cell = 648 to 655
-19	-13	-46	24	-25	2	-56	-12	cell = 656 to 663
-27	-10	-5	7	-33	-26	1	-18	cell = 664 to 671
-42	-36	-37	-10	-35	7	-25	-17	cell = 672 to 679
0	-16	-18	-33	24	-26	-48	-16	cell = 680 to 687
-37	-21	-37	-66	-8	12	-6	29	cell = 688 to 695
-8	-28	-22	-22	-28	-4	-38	-6	cell = 696 to 703
-40	0	-14	-7	-30	-8	-49	0	cell = 704 to 711
-34	-6	11	-27	-5	-18	-10	35	cell = 712 to 719
-10	12	-55	-15	-18	29	-49	31	cell = 720 to 727
13	-20	-44	5	-38	-16	-23	-29	cell = 728 to 735
-51	2	-6	-4	-36	-46	-62	-22	cell = 736 to 743
-8	-39	-5	0	-30	-51	-9	-10	cell = 744 to 751
-4	-4	-61	-17	22	-49	0	-19	cell = 752 to 759
-20	-33	-40	-59	-65	-22	-29	-47	cell = 760 to 767
11	-12	-23	-8	-24	-29	-18	-41	cell = 768 to 775
2	0	-23	18	-4	-9	-33	-17	cell = 776 to 783
-33	-19	-45	-42	1	-10	-26	-11	cell = 784 to 791
-10	-27	-56	-6	-5	-44	-13	-26	cell = 792 to 799
-18	-22	-22	-14	10	2	7	-25	cell = 800 to 807
-5	6	0	-29	-2	-14	-28	-32	cell = 808 to 815
-11	-37	-3	0	-31	-27	-12	-18	cell = 816 to 823
4	-46	-21	26	-10	13	-41	4	cell = 824 to 831
-20	-52	0	-14	-28	-15	-19	-19	cell = 832 to 839
-27	-22	9	-5	-28	-20	-37	-51	cell = 840 to 847
-22	-15	-4	-42	14	22	-11	-12	cell = 848 to 855
-16	34	-45	38	-22	-30	5	-5	cell = 856 to 863
-25	2	18	-73	-79	-29	33	-17	cell = 864 to 871
-24	-15	-11	-7	-30	22	13	-38	cell = 872 to 879
-24	19	-5	5	-35	12	-11	-8	cell = 880 to 887
-50	-24	-6	5	-47	-37	-52	-2	cell = 888 to 895
-78	2	-53	-30	-20	23	2	22	cell = 896 to 903
-19	-37	-28	-25	-43	-20	-11	-20	cell = 904 to 911
-6	-22	-34	18	-3	-44	-12	-20	cell = 912 to 919
-35	-28	9	-38	-47	37	0	-15	cell = 920 to 927
-13	-9	-27	-31	-36	-10	21	-35	cell = 928 to 935
-27	5	-20	43	-11	-16	-36	-34	cell = 936 to 943
-35	-26	-1	-43	-35	0	-33	-31	cell = 944 to 951
-41	8	-12	-32	-28	-21	-17	50	cell = 952 to 959
4	8	-10	-22	-21	-2	-33	0	cell = 960 to 967
-10	3	-20	19	-12	-36	-3	-15	cell = 968 to 975
-26	-6	-32	-31	-20	-22	-30	2	cell = 976 to 983
8	-7	20	19	7	-40	-62	-5	cell = 984 to 991
-25	-56	-6	-9	-38	-42	-35	-38	cell = 992 to 999
-28	-7	-45	-30	-16	-15	-20	-15	cell = 1000 to 1007
-2	-7	-53	-30	-43	-28	-25	-44	cell = 1008 to 1015
-17	4	-35	19	-61	-11	-69	-56	cell = 1016 to 1023
