Calibration values from cell 0 to 1024 for channel 0:

0	0	0	0	0	0	-1	-1	cell = 0 to 7
-1	-1	0	0	0	-1	-1	-1	cell = 8 to 15
0	0	-1	-1	-1	0	0	-1	cell = 16 to 23
-1	-1	-1	0	-1	0	0	-1	cell = 24 to 31
0	-1	0	0	0	0	0	0	cell = 32 to 39
0	0	-1	0	0	0	0	0	cell = 40 to 47
0	0	0	0	0	0	0	0	cell = 48 to 55
0	0	0	0	0	0	0	0	cell = 56 to 63
0	0	0	0	0	0	0	0	cell = 64 to 71
0	0	0	0	0	0	0	0	cell = 72 to 79
0	0	0	0	0	0	0	0	cell = 80 to 87
0	0	0	0	0	0	0	0	cell = 88 to 95
0	0	0	0	0	0	0	0	cell = 96 to 103
0	0	0	0	0	0	0	0	cell = 104 to 111
0	0	0	0	0	0	0	0	cell = 112 to 119
0	0	0	0	0	0	0	0	cell = 120 to 127
0	0	0	0	0	0	0	0	cell = 128 to 135
0	0	0	0	0	0	0	0	cell = 136 to 143
0	0	0	0	0	0	0	0	cell = 144 to 151
0	0	0	0	0	0	0	0	cell = 152 to 159
0	0	0	0	0	0	0	0	cell = 160 to 167
0	0	0	0	0	0	0	0	cell = 168 to 175
0	0	0	0	0	0	0	0	cell = 176 to 183
0	0	0	0	0	0	0	0	cell = 184 to 191
0	0	0	0	0	0	0	0	cell = 192 to 199
0	0	0	0	0	0	0	0	cell = 200 to 207
0	0	0	0	0	0	0	0	cell = 208 to 215
0	0	0	0	0	0	0	0	cell = 216 to 223
0	0	0	0	0	0	0	0	cell = 224 to 231
0	0	0	0	0	0	0	0	cell = 232 to 239
0	0	0	0	0	0	0	0	cell = 240 to 247
0	0	0	0	0	0	0	0	cell = 248 to 255
0	0	0	0	0	0	0	0	cell = 256 to 263
0	0	0	0	0	0	0	0	cell = 264 to 271
0	0	0	0	0	0	0	0	cell = 272 to 279
0	0	0	0	0	0	0	0	cell = 280 to 287
0	0	0	0	0	0	0	0	cell = 288 to 295
0	0	0	0	0	0	0	0	cell = 296 to 303
0	0	0	0	0	0	0	0	cell = 304 to 311
0	0	0	0	0	0	0	0	cell = 312 to 319
0	0	0	0	0	0	0	0	cell = 320 to 327
0	0	0	0	0	0	0	0	cell = 328 to 335
0	0	0	0	0	0	0	0	cell = 336 to 343
0	0	0	0	0	0	0	0	cell = 344 to 351
0	0	0	0	0	0	0	0	cell = 352 to 359
0	0	0	0	0	0	0	0	cell = 360 to 367
0	0	0	0	0	0	0	0	cell = 368 to 375
0	0	0	0	0	0	0	0	cell = 376 to 383
0	0	0	0	0	0	0	0	cell = 384 to 391
0	0	0	0	0	0	0	0	cell = 392 to 399
0	0	0	0	0	0	0	0	cell = 400 to 407
0	0	0	0	0	0	0	0	cell = 408 to 415
0	0	0	0	0	0	0	0	cell = 416 to 423
0	0	0	0	0	0	0	0	cell = 424 to 431
0	0	0	0	0	0	0	0	cell = 432 to 439
0	0	0	0	0	0	0	0	cell = 440 to 447
0	0	0	0	0	0	0	0	cell = 448 to 455
0	0	0	0	0	0	0	0	cell = 456 to 463
0	0	0	0	0	0	0	0	cell = 464 to 471
0	0	0	0	0	0	0	0	cell = 472 to 479
0	0	0	0	0	0	0	0	cell = 480 to 487
0	0	0	0	0	0	0	0	cell = 488 to 495
0	0	0	0	0	0	0	0	cell = 496 to 503
0	0	0	0	0	0	0	0	cell = 504 to 511
0	0	0	0	0	0	0	0	cell = 512 to 519
0	0	0	0	0	0	0	0	cell = 520 to 527
0	0	0	0	0	0	0	0	cell = 528 to 535
0	0	0	0	0	0	0	0	cell = 536 to 543
0	0	0	0	0	0	0	0	cell = 544 to 551
0	0	0	0	0	0	0	0	cell = 552 to 559
0	0	0	0	0	0	0	0	cell = 560 to 567
0	0	0	0	0	0	0	0	cell = 568 to 575
0	0	0	0	0	0	0	0	cell = 576 to 583
0	0	0	0	0	0	0	0	cell = 584 to 591
0	0	0	0	0	0	0	0	cell = 592 to 599
0	0	0	0	0	0	0	0	cell = 600 to 607
0	0	0	0	0	0	0	0	cell = 608 to 615
0	0	0	0	0	0	0	0	cell = 616 to 623
0	0	0	0	0	0	0	0	cell = 624 to 631
0	0	0	0	0	0	0	0	cell = 632 to 639
0	0	0	0	0	0	0	0	cell = 640 to 647
0	0	0	0	0	0	0	0	cell = 648 to 655
0	1	0	0	0	0	0	0	cell = 656 to 663
0	0	0	0	0	1	0	0	cell = 664 to 671
0	0	0	0	0	0	0	0	cell = 672 to 679
0	0	0	0	0	0	0	0	cell = 680 to 687
1	1	1	0	0	0	0	0	cell = 688 to 695
0	0	0	1	0	0	0	0	cell = 696 to 703
0	0	0	0	1	1	0	0	cell = 704 to 711
0	0	0	0	0	0	0	0	cell = 712 to 719
0	0	0	0	1	0	0	0	cell = 720 to 727
0	1	1	0	0	0	0	0	cell = 728 to 735
0	0	0	0	0	1	0	1	cell = 736 to 743
0	1	0	1	0	1	1	1	cell = 744 to 751
0	1	1	1	1	1	1	0	cell = 752 to 759
0	0	0	1	0	0	0	1	cell = 760 to 767
1	1	1	1	1	1	1	1	cell = 768 to 775
1	1	1	1	0	1	1	1	cell = 776 to 783
1	1	1	1	1	1	1	1	cell = 784 to 791
1	1	1	1	1	1	1	0	cell = 792 to 799
0	0	0	1	1	1	1	1	cell = 800 to 807
1	1	1	1	1	1	1	1	cell = 808 to 815
1	1	1	0	1	1	0	1	cell = 816 to 823
0	1	1	1	1	1	1	1	cell = 824 to 831
1	1	1	1	1	1	1	1	cell = 832 to 839
1	1	1	1	1	1	1	1	cell = 840 to 847
0	1	0	1	1	1	1	1	cell = 848 to 855
1	1	1	1	1	1	1	1	cell = 856 to 863
1	1	1	1	1	1	1	1	cell = 864 to 871
1	1	1	1	1	1	1	1	cell = 872 to 879
1	1	1	1	1	1	1	1	cell = 880 to 887
1	1	1	1	1	1	1	1	cell = 888 to 895
1	1	1	1	1	1	1	1	cell = 896 to 903
1	1	1	1	1	1	1	1	cell = 904 to 911
1	1	1	1	1	1	1	1	cell = 912 to 919
1	1	1	1	1	1	1	1	cell = 920 to 927
1	1	1	1	1	1	1	1	cell = 928 to 935
1	1	1	1	1	1	1	1	cell = 936 to 943
1	1	1	1	1	1	1	1	cell = 944 to 951
1	1	1	1	1	1	1	1	cell = 952 to 959
1	1	1	1	1	1	1	1	cell = 960 to 967
1	1	1	1	1	1	1	1	cell = 968 to 975
1	1	1	1	1	1	1	1	cell = 976 to 983
1	1	1	1	1	1	1	2	cell = 984 to 991
3	4	4	2	0	-4	-5	-5	cell = 992 to 999
-4	-2	0	0	1	2	2	3	cell = 1000 to 1007
4	4	4	5	5	4	2	0	cell = 1008 to 1015
0	1	2	3	3	2	2	4	cell = 1016 to 1023
Calibration values from cell 0 to 1024 for channel 1:

0	0	0	0	-1	0	0	0	cell = 0 to 7
0	-1	-1	0	-1	0	-1	-1	cell = 8 to 15
0	0	0	0	0	0	-1	-1	cell = 16 to 23
0	0	0	0	0	0	0	0	cell = 24 to 31
0	0	0	-1	0	0	0	0	cell = 32 to 39
0	0	0	0	0	0	0	0	cell = 40 to 47
0	0	0	0	0	0	0	0	cell = 48 to 55
0	0	0	0	0	0	0	0	cell = 56 to 63
0	0	0	0	0	0	0	0	cell = 64 to 71
0	0	0	0	0	0	0	0	cell = 72 to 79
0	0	0	0	0	0	0	0	cell = 80 to 87
0	0	0	0	0	0	0	0	cell = 88 to 95
0	0	0	0	0	0	0	0	cell = 96 to 103
0	0	0	0	0	0	0	0	cell = 104 to 111
0	0	0	0	0	0	0	0	cell = 112 to 119
0	0	0	0	0	0	0	0	cell = 120 to 127
0	0	0	0	0	0	0	0	cell = 128 to 135
0	0	0	0	0	0	0	0	cell = 136 to 143
0	0	0	0	0	0	0	0	cell = 144 to 151
0	0	0	0	0	0	0	0	cell = 152 to 159
0	0	0	0	0	0	0	0	cell = 160 to 167
0	0	0	0	0	0	0	0	cell = 168 to 175
0	0	0	0	0	0	0	0	cell = 176 to 183
0	0	0	0	0	0	0	0	cell = 184 to 191
0	0	0	0	0	0	0	0	cell = 192 to 199
0	0	0	0	0	0	0	0	cell = 200 to 207
0	0	0	0	0	0	0	0	cell = 208 to 215
0	0	0	0	0	0	0	0	cell = 216 to 223
0	0	0	0	0	0	0	0	cell = 224 to 231
0	0	0	0	0	0	0	0	cell = 232 to 239
0	0	0	0	0	0	0	0	cell = 240 to 247
0	0	0	0	0	0	0	0	cell = 248 to 255
0	0	0	0	0	0	0	0	cell = 256 to 263
0	0	0	0	0	0	0	0	cell = 264 to 271
0	0	0	0	0	0	0	0	cell = 272 to 279
0	0	0	0	0	0	0	0	cell = 280 to 287
0	0	0	0	0	0	0	0	cell = 288 to 295
0	0	0	0	0	0	0	0	cell = 296 to 303
0	0	0	0	0	0	0	0	cell = 304 to 311
0	0	0	0	0	0	0	0	cell = 312 to 319
0	0	0	0	0	0	0	0	cell = 320 to 327
0	0	0	0	0	0	0	0	cell = 328 to 335
0	0	0	0	0	0	0	0	cell = 336 to 343
0	0	0	0	0	0	0	0	cell = 344 to 351
0	0	0	0	0	0	0	0	cell = 352 to 359
0	0	0	0	0	0	0	0	cell = 360 to 367
0	0	0	0	0	0	0	0	cell = 368 to 375
0	0	0	0	0	0	0	0	cell = 376 to 383
0	0	0	0	0	0	0	0	cell = 384 to 391
0	0	0	0	0	0	0	0	cell = 392 to 399
0	0	0	0	0	0	0	0	cell = 400 to 407
0	0	0	0	0	0	0	0	cell = 408 to 415
0	0	0	0	0	0	0	0	cell = 416 to 423
0	0	0	0	0	0	0	0	cell = 424 to 431
0	0	0	0	0	0	0	0	cell = 432 to 439
0	0	0	0	0	0	0	0	cell = 440 to 447
0	0	0	0	0	0	0	0	cell = 448 to 455
0	0	0	0	0	0	0	0	cell = 456 to 463
0	0	0	0	0	0	0	0	cell = 464 to 471
0	0	0	0	0	0	0	0	cell = 472 to 479
0	0	0	0	0	0	0	0	cell = 480 to 487
0	0	0	0	0	0	0	0	cell = 488 to 495
0	0	0	0	0	0	0	0	cell = 496 to 503
0	0	0	0	0	0	0	0	cell = 504 to 511
0	0	0	0	0	0	0	0	cell = 512 to 519
0	0	0	0	0	0	0	0	cell = 520 to 527
0	0	0	0	0	0	0	0	cell = 528 to 535
0	0	0	0	0	0	0	0	cell = 536 to 543
0	0	0	0	0	0	0	0	cell = 544 to 551
0	0	0	0	0	0	0	0	cell = 552 to 559
0	0	0	0	0	0	0	0	cell = 560 to 567
0	0	0	0	0	0	0	0	cell = 568 to 575
0	0	0	0	0	0	0	0	cell = 576 to 583
0	0	0	0	0	0	0	0	cell = 584 to 591
0	0	0	0	0	0	0	0	cell = 592 to 599
0	0	0	0	0	0	0	0	cell = 600 to 607
0	0	0	0	0	0	0	0	cell = 608 to 615
0	0	0	0	1	0	0	0	cell = 616 to 623
0	0	0	0	0	0	0	0	cell = 624 to 631
0	0	0	0	0	0	0	0	cell = 632 to 639
0	0	0	0	0	0	0	0	cell = 640 to 647
0	0	0	0	0	0	0	0	cell = 648 to 655
0	0	0	0	0	0	0	0	cell = 656 to 663
0	0	0	0	0	0	1	0	cell = 664 to 671
0	0	0	0	0	0	0	0	cell = 672 to 679
0	0	0	0	0	1	0	0	cell = 680 to 687
0	0	0	1	1	0	0	0	cell = 688 to 695
1	0	0	0	0	0	0	0	cell = 696 to 703
1	0	1	1	0	0	0	0	cell = 704 to 711
1	0	0	0	0	0	0	0	cell = 712 to 719
1	0	0	0	0	0	0	0	cell = 720 to 727
0	1	1	0	1	0	0	0	cell = 728 to 735
0	0	0	0	0	0	0	0	cell = 736 to 743
1	0	1	0	1	0	1	1	cell = 744 to 751
0	1	1	0	0	1	1	0	cell = 752 to 759
0	1	0	0	1	0	0	0	cell = 760 to 767
0	1	1	1	0	0	1	1	cell = 768 to 775
1	0	0	1	1	1	1	1	cell = 776 to 783
1	0	1	1	1	1	1	1	cell = 784 to 791
0	1	1	1	1	0	1	1	cell = 792 to 799
0	0	1	1	0	0	1	1	cell = 800 to 807
1	1	1	0	0	1	1	1	cell = 808 to 815
1	0	1	1	1	1	1	1	cell = 816 to 823
1	0	1	1	1	1	1	1	cell = 824 to 831
1	1	1	1	1	1	1	1	cell = 832 to 839
0	1	1	1	1	1	0	1	cell = 840 to 847
0	1	1	1	1	1	1	1	cell = 848 to 855
1	1	1	1	1	1	1	1	cell = 856 to 863
1	1	1	1	1	1	1	1	cell = 864 to 871
1	1	1	1	1	1	1	1	cell = 872 to 879
1	1	1	1	1	1	1	1	cell = 880 to 887
1	1	1	1	1	1	1	1	cell = 888 to 895
1	1	1	1	1	1	1	1	cell = 896 to 903
1	1	1	1	1	1	1	1	cell = 904 to 911
1	1	1	1	1	1	1	1	cell = 912 to 919
1	1	1	1	1	1	1	1	cell = 920 to 927
1	1	1	1	1	1	1	1	cell = 928 to 935
1	1	1	1	1	1	1	1	cell = 936 to 943
1	1	1	1	1	1	1	1	cell = 944 to 951
1	1	1	1	1	1	1	1	cell = 952 to 959
1	1	1	1	1	1	1	1	cell = 960 to 967
1	1	1	1	1	1	1	1	cell = 968 to 975
1	1	1	1	1	1	1	1	cell = 976 to 983
1	1	1	1	1	1	1	2	cell = 984 to 991
2	3	3	1	0	-3	-5	-4	cell = 992 to 999
-4	-2	0	1	1	2	3	3	cell = 1000 to 1007
3	4	5	5	5	4	2	0	cell = 1008 to 1015
0	1	2	2	2	2	2	4	cell = 1016 to 1023
Calibration values from cell 0 to 1024 for channel 2:

0	0	0	0	-1	0	-1	0	cell = 0 to 7
-1	-1	-1	0	0	-1	-1	-1	cell = 8 to 15
0	0	0	-1	0	0	0	0	cell = 16 to 23
0	0	0	0	0	0	0	0	cell = 24 to 31
0	0	0	0	0	0	0	0	cell = 32 to 39
0	0	0	0	-1	0	0	0	cell = 40 to 47
0	0	0	0	0	0	0	0	cell = 48 to 55
0	0	0	0	0	0	0	0	cell = 56 to 63
0	0	0	0	0	0	0	0	cell = 64 to 71
0	0	0	0	0	0	0	0	cell = 72 to 79
0	0	0	0	0	0	0	0	cell = 80 to 87
0	0	0	0	0	0	0	0	cell = 88 to 95
0	0	0	0	0	0	0	0	cell = 96 to 103
0	0	0	0	0	0	0	0	cell = 104 to 111
0	0	0	0	0	0	0	0	cell = 112 to 119
0	0	0	0	0	0	0	0	cell = 120 to 127
0	0	0	0	0	0	0	0	cell = 128 to 135
0	0	0	0	0	0	0	0	cell = 136 to 143
0	0	0	0	0	0	0	0	cell = 144 to 151
0	0	0	0	0	0	0	0	cell = 152 to 159
0	0	0	0	0	0	0	0	cell = 160 to 167
0	0	0	0	0	0	0	0	cell = 168 to 175
0	0	0	0	0	0	0	0	cell = 176 to 183
0	0	0	0	0	0	0	0	cell = 184 to 191
0	0	0	0	0	0	0	0	cell = 192 to 199
0	0	0	0	0	0	0	0	cell = 200 to 207
0	0	0	0	0	0	0	0	cell = 208 to 215
0	0	0	0	0	0	0	0	cell = 216 to 223
0	0	0	0	0	0	0	0	cell = 224 to 231
0	0	0	0	0	0	0	0	cell = 232 to 239
0	0	0	0	0	0	0	0	cell = 240 to 247
0	0	0	0	0	0	0	0	cell = 248 to 255
0	0	0	0	0	0	0	0	cell = 256 to 263
0	0	0	0	0	0	0	0	cell = 264 to 271
0	0	0	0	0	0	0	0	cell = 272 to 279
0	0	0	0	0	0	0	0	cell = 280 to 287
0	0	0	0	0	0	0	0	cell = 288 to 295
0	0	0	0	0	0	0	0	cell = 296 to 303
0	0	0	0	0	0	0	0	cell = 304 to 311
0	0	0	0	0	0	0	0	cell = 312 to 319
0	0	0	0	0	0	0	0	cell = 320 to 327
0	0	0	0	0	0	0	0	cell = 328 to 335
0	0	0	0	0	0	0	0	cell = 336 to 343
0	0	0	0	0	0	0	0	cell = 344 to 351
0	0	0	0	0	0	0	0	cell = 352 to 359
0	0	0	0	0	0	0	0	cell = 360 to 367
0	0	0	0	0	0	0	0	cell = 368 to 375
0	0	0	0	0	0	0	0	cell = 376 to 383
0	0	0	0	0	0	0	0	cell = 384 to 391
0	0	0	0	0	0	0	0	cell = 392 to 399
0	0	0	0	0	0	0	0	cell = 400 to 407
0	0	0	0	0	0	0	0	cell = 408 to 415
0	0	0	0	0	0	0	0	cell = 416 to 423
0	0	0	0	0	0	0	0	cell = 424 to 431
0	0	0	0	0	0	0	0	cell = 432 to 439
0	0	0	0	0	0	0	0	cell = 440 to 447
0	0	0	0	0	0	0	0	cell = 448 to 455
0	0	0	0	0	0	0	0	cell = 456 to 463
0	0	0	0	0	0	0	0	cell = 464 to 471
0	0	0	0	0	0	0	0	cell = 472 to 479
0	0	0	0	0	0	0	0	cell = 480 to 487
0	0	0	0	0	0	0	0	cell = 488 to 495
0	0	0	0	0	0	0	0	cell = 496 to 503
0	0	0	0	0	0	0	0	cell = 504 to 511
0	0	0	0	0	0	0	0	cell = 512 to 519
0	0	0	0	0	0	0	0	cell = 520 to 527
0	0	0	0	0	0	0	0	cell = 528 to 535
0	0	0	0	0	0	0	0	cell = 536 to 543
0	0	0	0	0	0	0	0	cell = 544 to 551
0	0	0	0	0	0	0	0	cell = 552 to 559
0	0	0	0	0	0	0	0	cell = 560 to 567
0	0	0	0	0	0	0	0	cell = 568 to 575
0	0	0	0	0	0	0	0	cell = 576 to 583
0	0	0	0	0	0	0	0	cell = 584 to 591
0	0	0	0	0	0	0	0	cell = 592 to 599
0	0	0	0	0	0	0	0	cell = 600 to 607
0	0	0	0	0	0	0	0	cell = 608 to 615
0	0	0	0	0	0	0	0	cell = 616 to 623
0	0	0	0	0	0	0	0	cell = 624 to 631
0	0	0	0	0	0	0	0	cell = 632 to 639
0	0	0	0	0	0	0	0	cell = 640 to 647
0	0	0	0	0	0	0	0	cell = 648 to 655
0	0	0	0	0	0	0	0	cell = 656 to 663
0	0	0	0	0	0	0	0	cell = 664 to 671
0	0	0	0	0	0	0	0	cell = 672 to 679
0	0	0	0	0	0	0	0	cell = 680 to 687
0	0	0	0	0	0	1	1	cell = 688 to 695
0	0	0	0	0	0	0	0	cell = 696 to 703
0	0	0	1	1	0	1	0	cell = 704 to 711
0	1	0	1	0	0	0	0	cell = 712 to 719
0	0	0	0	1	0	0	1	cell = 720 to 727
0	0	1	0	0	1	0	0	cell = 728 to 735
0	0	1	1	0	0	0	1	cell = 736 to 743
0	0	1	1	0	1	1	0	cell = 744 to 751
1	1	1	1	1	1	1	0	cell = 752 to 759
0	0	1	1	1	1	0	1	cell = 760 to 767
0	0	1	1	1	1	1	1	cell = 768 to 775
1	1	1	1	1	1	1	1	cell = 776 to 783
1	0	1	1	1	1	1	1	cell = 784 to 791
1	1	1	1	1	1	0	1	cell = 792 to 799
0	1	1	1	1	1	1	1	cell = 800 to 807
1	1	0	1	1	1	1	1	cell = 808 to 815
1	1	1	1	1	0	1	1	cell = 816 to 823
1	0	1	1	1	1	1	1	cell = 824 to 831
0	1	1	1	1	1	1	1	cell = 832 to 839
1	1	1	1	1	1	1	0	cell = 840 to 847
1	1	1	1	1	1	1	1	cell = 848 to 855
1	1	1	1	1	1	1	1	cell = 856 to 863
1	1	1	1	1	1	1	1	cell = 864 to 871
1	1	1	1	1	1	1	1	cell = 872 to 879
1	1	1	1	1	1	1	1	cell = 880 to 887
1	1	1	1	1	1	1	1	cell = 888 to 895
1	1	1	1	1	1	1	1	cell = 896 to 903
1	1	1	1	1	1	1	1	cell = 904 to 911
1	1	1	1	1	1	1	1	cell = 912 to 919
1	1	1	1	1	1	1	1	cell = 920 to 927
1	1	1	1	1	1	1	1	cell = 928 to 935
1	1	1	1	1	1	1	1	cell = 936 to 943
2	1	1	1	1	1	1	1	cell = 944 to 951
1	1	1	1	1	1	1	1	cell = 952 to 959
1	1	1	1	1	1	1	1	cell = 960 to 967
1	1	1	1	1	1	1	1	cell = 968 to 975
1	1	1	1	1	1	1	1	cell = 976 to 983
1	1	1	1	1	1	1	2	cell = 984 to 991
2	2	3	1	0	-3	-4	-4	cell = 992 to 999
-3	-2	0	1	1	2	3	3	cell = 1000 to 1007
4	4	5	5	5	4	2	0	cell = 1008 to 1015
0	0	1	2	2	1	1	3	cell = 1016 to 1023
Calibration values from cell 0 to 1024 for channel 3:

0	0	0	0	0	-1	0	0	cell = 0 to 7
-1	-1	-1	-1	-1	-1	0	-1	cell = 8 to 15
0	0	0	-1	0	-1	-1	-1	cell = 16 to 23
0	-1	0	0	0	0	0	-1	cell = 24 to 31
0	0	0	0	0	0	-1	0	cell = 32 to 39
0	0	-1	0	-1	0	0	0	cell = 40 to 47
-1	0	0	0	0	0	0	0	cell = 48 to 55
0	0	0	0	0	0	-1	0	cell = 56 to 63
0	0	0	0	0	0	0	0	cell = 64 to 71
0	0	0	0	0	0	0	0	cell = 72 to 79
0	0	0	0	0	0	0	0	cell = 80 to 87
0	0	0	0	0	0	0	0	cell = 88 to 95
0	0	0	0	0	0	0	0	cell = 96 to 103
0	0	0	0	0	0	0	0	cell = 104 to 111
0	0	0	0	0	0	0	0	cell = 112 to 119
0	0	0	0	0	0	0	0	cell = 120 to 127
0	0	0	0	0	0	0	0	cell = 128 to 135
0	0	0	0	0	0	0	0	cell = 136 to 143
0	0	0	0	0	0	0	0	cell = 144 to 151
0	0	0	0	0	0	0	0	cell = 152 to 159
0	0	0	0	0	0	0	0	cell = 160 to 167
0	0	0	0	0	0	0	0	cell = 168 to 175
0	0	0	0	0	0	0	0	cell = 176 to 183
0	0	0	0	0	0	0	0	cell = 184 to 191
0	0	0	0	0	0	0	0	cell = 192 to 199
0	0	0	0	0	0	0	0	cell = 200 to 207
0	0	0	0	0	0	0	0	cell = 208 to 215
0	0	0	0	0	0	0	0	cell = 216 to 223
0	0	0	0	0	0	0	0	cell = 224 to 231
0	0	0	0	0	0	0	0	cell = 232 to 239
0	0	0	0	0	0	0	0	cell = 240 to 247
0	0	0	0	0	0	0	0	cell = 248 to 255
0	0	0	0	0	0	0	0	cell = 256 to 263
0	0	0	0	0	0	0	0	cell = 264 to 271
0	0	0	0	0	0	0	0	cell = 272 to 279
0	0	0	0	0	0	0	0	cell = 280 to 287
0	0	0	0	0	0	0	0	cell = 288 to 295
0	0	0	0	0	0	0	0	cell = 296 to 303
0	0	0	0	0	0	0	0	cell = 304 to 311
0	0	0	0	0	0	0	0	cell = 312 to 319
0	0	0	0	0	0	0	0	cell = 320 to 327
0	0	0	0	0	0	0	0	cell = 328 to 335
0	0	0	0	0	0	0	0	cell = 336 to 343
0	0	0	0	0	0	0	0	cell = 344 to 351
0	0	0	0	0	0	0	0	cell = 352 to 359
0	0	0	0	0	0	0	0	cell = 360 to 367
0	0	0	0	0	0	0	0	cell = 368 to 375
0	0	0	0	0	0	0	0	cell = 376 to 383
0	0	0	0	0	0	0	0	cell = 384 to 391
0	0	0	0	0	0	0	0	cell = 392 to 399
0	0	0	0	0	0	0	0	cell = 400 to 407
0	0	0	0	0	0	0	0	cell = 408 to 415
0	0	0	0	0	0	0	0	cell = 416 to 423
0	0	0	0	0	0	0	0	cell = 424 to 431
0	0	0	0	0	0	0	0	cell = 432 to 439
0	0	0	0	0	0	0	0	cell = 440 to 447
0	0	0	0	0	0	0	0	cell = 448 to 455
0	0	0	0	0	0	0	0	cell = 456 to 463
0	0	0	0	0	0	0	0	cell = 464 to 471
0	0	0	0	0	0	0	0	cell = 472 to 479
0	0	0	0	0	0	0	0	cell = 480 to 487
0	0	0	0	0	0	0	0	cell = 488 to 495
0	0	0	0	0	0	0	0	cell = 496 to 503
0	0	0	0	0	0	0	0	cell = 504 to 511
0	0	0	0	0	0	0	0	cell = 512 to 519
0	0	0	0	0	0	0	0	cell = 520 to 527
0	0	0	0	0	0	0	0	cell = 528 to 535
0	0	0	0	0	0	0	0	cell = 536 to 543
0	0	0	0	0	0	0	0	cell = 544 to 551
0	0	0	0	0	0	0	0	cell = 552 to 559
0	0	0	0	0	0	0	0	cell = 560 to 567
0	0	0	0	0	0	0	0	cell = 568 to 575
0	0	0	0	0	0	0	0	cell = 576 to 583
0	0	0	0	0	0	0	0	cell = 584 to 591
0	0	0	0	0	0	0	0	cell = 592 to 599
0	0	0	0	0	0	0	0	cell = 600 to 607
0	0	0	0	0	0	0	0	cell = 608 to 615
0	0	0	0	0	0	0	0	cell = 616 to 623
0	0	0	0	0	0	0	0	cell = 624 to 631
0	0	0	0	0	0	0	0	cell = 632 to 639
0	0	0	0	0	0	0	0	cell = 640 to 647
0	0	0	0	0	0	0	0	cell = 648 to 655
0	0	0	0	0	1	1	0	cell = 656 to 663
0	0	0	0	0	0	1	0	cell = 664 to 671
0	0	0	0	0	1	0	1	cell = 672 to 679
0	0	1	0	0	1	1	1	cell = 680 to 687
1	0	0	1	1	0	1	0	cell = 688 to 695
0	0	1	0	0	0	0	0	cell = 696 to 703
0	0	1	0	1	0	0	0	cell = 704 to 711
0	0	0	0	1	1	1	1	cell = 712 to 719
1	0	1	0	0	0	0	0	cell = 720 to 727
0	1	1	0	1	1	1	0	cell = 728 to 735
0	0	1	0	0	0	0	1	cell = 736 to 743
1	0	1	1	1	1	1	1	cell = 744 to 751
1	1	1	1	0	0	1	0	cell = 752 to 759
0	1	1	1	1	0	1	0	cell = 760 to 767
1	1	1	1	1	1	1	1	cell = 768 to 775
1	1	1	1	1	1	0	1	cell = 776 to 783
1	1	1	1	1	1	1	0	cell = 784 to 791
1	1	1	1	1	0	1	1	cell = 792 to 799
1	1	1	1	1	1	1	1	cell = 800 to 807
1	1	1	1	1	1	1	1	cell = 808 to 815
1	1	1	1	1	1	0	0	cell = 816 to 823
1	1	1	1	1	1	1	1	cell = 824 to 831
1	1	1	1	1	1	1	1	cell = 832 to 839
1	1	1	1	1	1	1	1	cell = 840 to 847
1	1	1	1	1	1	1	1	cell = 848 to 855
1	1	1	1	1	1	1	1	cell = 856 to 863
1	1	1	1	1	1	1	1	cell = 864 to 871
1	1	1	1	1	1	1	1	cell = 872 to 879
1	1	1	1	1	1	1	1	cell = 880 to 887
1	1	1	1	1	1	1	1	cell = 888 to 895
1	1	1	1	1	1	1	1	cell = 896 to 903
1	1	1	1	1	1	1	1	cell = 904 to 911
1	1	1	1	1	1	1	1	cell = 912 to 919
1	1	1	1	1	1	1	1	cell = 920 to 927
1	1	1	1	1	1	1	1	cell = 928 to 935
1	1	1	1	1	1	1	1	cell = 936 to 943
1	1	1	1	1	1	1	1	cell = 944 to 951
1	1	1	1	1	1	1	1	cell = 952 to 959
1	1	1	1	1	1	1	1	cell = 960 to 967
1	1	1	1	1	1	1	1	cell = 968 to 975
1	1	1	1	1	1	1	1	cell = 976 to 983
1	1	1	1	1	2	2	2	cell = 984 to 991
2	2	2	0	0	-3	-4	-3	cell = 992 to 999
-3	-1	0	1	2	2	3	3	cell = 1000 to 1007
4	5	5	5	5	4	2	0	cell = 1008 to 1015
1	1	2	3	3	2	2	4	cell = 1016 to 1023
Calibration values from cell 0 to 1024 for channel 4:

0	0	0	0	0	-1	0	-1	cell = 0 to 7
-1	0	-1	0	0	0	-1	-1	cell = 8 to 15
-1	-1	-1	-1	0	0	-1	0	cell = 16 to 23
-1	0	0	0	0	0	0	0	cell = 24 to 31
0	0	0	-1	0	0	0	0	cell = 32 to 39
0	0	0	-1	0	0	0	0	cell = 40 to 47
0	-1	-1	0	-1	0	0	0	cell = 48 to 55
-1	0	0	0	0	-1	0	0	cell = 56 to 63
0	0	0	0	0	0	0	0	cell = 64 to 71
0	0	0	0	0	0	0	0	cell = 72 to 79
0	0	0	0	0	0	0	0	cell = 80 to 87
0	0	0	0	0	0	0	0	cell = 88 to 95
0	0	0	0	0	0	0	0	cell = 96 to 103
0	0	0	0	0	0	0	0	cell = 104 to 111
0	0	0	0	0	0	0	0	cell = 112 to 119
0	0	0	0	0	0	0	0	cell = 120 to 127
0	0	0	0	0	0	0	0	cell = 128 to 135
0	0	0	0	0	0	0	0	cell = 136 to 143
0	0	0	0	0	0	0	0	cell = 144 to 151
0	0	0	0	0	0	0	0	cell = 152 to 159
0	0	0	0	0	0	0	0	cell = 160 to 167
0	0	0	0	0	0	0	0	cell = 168 to 175
0	0	0	0	0	0	0	0	cell = 176 to 183
0	0	0	0	0	0	0	0	cell = 184 to 191
0	0	0	0	0	0	0	0	cell = 192 to 199
0	0	0	0	0	0	0	0	cell = 200 to 207
0	0	0	0	0	0	0	0	cell = 208 to 215
0	0	0	0	0	0	0	0	cell = 216 to 223
0	0	0	0	0	0	0	0	cell = 224 to 231
0	0	0	0	0	0	0	0	cell = 232 to 239
0	0	0	0	0	0	0	0	cell = 240 to 247
0	0	0	0	0	0	0	0	cell = 248 to 255
0	0	0	0	0	0	0	0	cell = 256 to 263
0	0	0	0	0	0	0	0	cell = 264 to 271
0	0	0	0	0	0	0	0	cell = 272 to 279
0	0	0	0	0	0	0	0	cell = 280 to 287
0	0	0	0	0	0	0	0	cell = 288 to 295
0	0	0	0	0	0	0	0	cell = 296 to 303
0	0	0	0	0	0	0	0	cell = 304 to 311
0	0	0	0	0	0	0	0	cell = 312 to 319
0	0	0	0	0	0	0	0	cell = 320 to 327
0	0	0	0	0	0	0	0	cell = 328 to 335
0	0	0	0	0	0	0	0	cell = 336 to 343
0	0	0	0	0	0	0	0	cell = 344 to 351
0	0	0	0	0	0	0	0	cell = 352 to 359
0	0	0	0	0	0	0	0	cell = 360 to 367
0	0	0	0	0	0	0	0	cell = 368 to 375
0	0	0	0	0	0	0	0	cell = 376 to 383
0	0	0	0	0	0	0	0	cell = 384 to 391
0	0	0	0	0	0	0	0	cell = 392 to 399
0	0	0	0	0	0	0	0	cell = 400 to 407
0	0	0	0	0	0	0	0	cell = 408 to 415
0	0	0	0	0	0	0	0	cell = 416 to 423
0	0	0	0	0	0	0	0	cell = 424 to 431
0	0	0	0	0	0	0	0	cell = 432 to 439
0	0	0	0	0	0	0	0	cell = 440 to 447
0	0	0	0	0	0	0	0	cell = 448 to 455
0	0	0	0	0	0	0	0	cell = 456 to 463
0	0	0	0	0	0	0	0	cell = 464 to 471
0	0	0	0	0	0	0	0	cell = 472 to 479
0	0	0	0	0	0	0	0	cell = 480 to 487
0	0	0	0	0	0	0	0	cell = 488 to 495
0	0	0	0	0	0	0	0	cell = 496 to 503
0	0	0	0	0	0	0	0	cell = 504 to 511
0	0	0	0	0	0	0	0	cell = 512 to 519
0	0	0	0	0	0	0	0	cell = 520 to 527
0	0	0	0	0	0	0	0	cell = 528 to 535
0	0	0	0	0	0	0	0	cell = 536 to 543
0	0	0	0	0	0	0	0	cell = 544 to 551
0	0	0	0	0	0	0	0	cell = 552 to 559
0	0	0	0	0	0	0	0	cell = 560 to 567
0	0	0	0	0	0	0	0	cell = 568 to 575
0	0	0	0	0	0	0	0	cell = 576 to 583
0	0	0	0	0	0	0	0	cell = 584 to 591
0	0	0	0	0	0	0	0	cell = 592 to 599
0	0	0	0	0	0	0	0	cell = 600 to 607
0	0	0	0	0	0	0	0	cell = 608 to 615
0	0	0	0	0	0	0	0	cell = 616 to 623
0	0	0	0	0	0	0	0	cell = 624 to 631
0	0	0	0	0	0	1	0	cell = 632 to 639
0	0	0	0	0	0	1	0	cell = 640 to 647
0	0	0	0	0	0	0	1	cell = 648 to 655
0	0	0	1	0	0	0	1	cell = 656 to 663
0	0	0	0	0	0	0	0	cell = 664 to 671
0	0	0	1	0	0	0	0	cell = 672 to 679
0	0	0	0	0	0	0	0	cell = 680 to 687
1	0	0	0	0	0	0	0	cell = 688 to 695
1	1	0	0	0	0	0	1	cell = 696 to 703
1	1	1	0	0	1	0	1	cell = 704 to 711
1	0	0	1	1	1	1	1	cell = 712 to 719
0	0	0	0	0	0	0	0	cell = 720 to 727
0	0	0	0	1	1	0	0	cell = 728 to 735
0	0	0	0	1	0	1	1	cell = 736 to 743
0	0	1	1	1	0	0	1	cell = 744 to 751
0	0	1	0	1	0	1	0	cell = 752 to 759
1	1	1	1	0	1	0	0	cell = 760 to 767
0	1	1	1	1	1	1	0	cell = 768 to 775
1	1	1	1	1	1	1	1	cell = 776 to 783
1	0	1	1	1	1	1	1	cell = 784 to 791
1	1	1	1	1	1	1	1	cell = 792 to 799
1	1	1	1	1	1	1	1	cell = 800 to 807
1	1	1	0	1	1	0	0	cell = 808 to 815
1	1	1	1	1	1	0	1	cell = 816 to 823
1	1	1	1	1	1	1	1	cell = 824 to 831
1	1	1	1	1	1	1	1	cell = 832 to 839
1	1	1	1	1	1	1	1	cell = 840 to 847
1	1	1	1	1	1	1	1	cell = 848 to 855
1	1	1	1	1	1	1	1	cell = 856 to 863
1	1	1	1	1	1	1	1	cell = 864 to 871
1	1	1	1	1	1	1	1	cell = 872 to 879
1	1	1	1	1	1	1	1	cell = 880 to 887
1	1	1	1	1	1	1	0	cell = 888 to 895
1	1	1	1	1	1	1	1	cell = 896 to 903
1	1	1	1	1	1	1	1	cell = 904 to 911
1	1	1	1	1	1	1	1	cell = 912 to 919
1	1	1	1	1	1	1	1	cell = 920 to 927
1	1	1	1	1	1	1	1	cell = 928 to 935
1	1	1	1	1	1	1	1	cell = 936 to 943
1	1	1	1	1	1	1	1	cell = 944 to 951
1	1	1	1	1	1	1	1	cell = 952 to 959
1	1	1	1	1	1	1	1	cell = 960 to 967
1	1	1	1	1	1	1	1	cell = 968 to 975
1	1	1	1	1	1	1	1	cell = 976 to 983
1	1	1	1	2	2	2	2	cell = 984 to 991
2	2	3	0	-1	-3	-4	-3	cell = 992 to 999
-3	0	0	1	2	2	3	3	cell = 1000 to 1007
4	4	5	5	5	4	2	0	cell = 1008 to 1015
0	1	2	2	2	1	2	3	cell = 1016 to 1023
Calibration values from cell 0 to 1024 for channel 5:

0	0	0	0	0	-1	-1	-1	cell = 0 to 7
-1	0	-1	0	-1	-1	0	-1	cell = 8 to 15
0	-1	-1	0	-1	0	-1	-3	cell = 16 to 23
-1	0	0	0	-1	0	0	0	cell = 24 to 31
0	-1	0	0	0	0	0	0	cell = 32 to 39
0	0	0	0	-1	0	0	0	cell = 40 to 47
-1	0	-1	-1	0	0	0	0	cell = 48 to 55
0	0	0	0	0	0	0	0	cell = 56 to 63
0	0	0	0	0	0	0	0	cell = 64 to 71
0	0	0	0	0	0	0	0	cell = 72 to 79
0	0	0	0	0	0	0	0	cell = 80 to 87
0	0	0	0	0	0	0	0	cell = 88 to 95
0	0	0	0	0	0	0	0	cell = 96 to 103
0	0	0	0	0	0	-1	0	cell = 104 to 111
0	0	0	0	0	0	0	0	cell = 112 to 119
0	0	0	0	0	0	0	0	cell = 120 to 127
0	0	0	0	0	0	0	0	cell = 128 to 135
0	-1	0	0	0	0	0	0	cell = 136 to 143
0	0	0	0	0	0	0	0	cell = 144 to 151
0	0	0	0	0	0	0	0	cell = 152 to 159
0	0	0	0	0	0	0	0	cell = 160 to 167
0	0	0	0	0	0	0	0	cell = 168 to 175
0	0	0	0	0	0	0	0	cell = 176 to 183
0	0	0	0	0	0	0	0	cell = 184 to 191
0	0	0	0	0	0	-1	0	cell = 192 to 199
0	0	0	0	0	0	0	0	cell = 200 to 207
0	0	0	0	0	0	0	0	cell = 208 to 215
0	0	0	0	0	0	0	0	cell = 216 to 223
0	0	0	0	0	0	0	0	cell = 224 to 231
0	0	0	0	0	0	0	0	cell = 232 to 239
0	0	0	0	0	0	0	0	cell = 240 to 247
0	0	0	0	0	0	0	0	cell = 248 to 255
0	0	0	0	0	0	0	0	cell = 256 to 263
0	0	0	0	0	0	0	0	cell = 264 to 271
0	0	0	0	0	0	0	0	cell = 272 to 279
0	0	0	0	-1	0	0	0	cell = 280 to 287
0	0	0	0	0	0	0	0	cell = 288 to 295
0	0	0	0	0	0	0	0	cell = 296 to 303
0	0	0	0	0	0	0	0	cell = 304 to 311
0	0	0	0	0	0	0	0	cell = 312 to 319
0	0	0	0	0	0	0	0	cell = 320 to 327
0	0	0	0	0	0	0	0	cell = 328 to 335
0	0	0	0	0	0	0	0	cell = 336 to 343
0	0	0	0	0	0	0	0	cell = 344 to 351
0	0	0	0	0	0	0	0	cell = 352 to 359
0	0	0	0	0	0	0	0	cell = 360 to 367
0	0	0	0	0	0	0	0	cell = 368 to 375
0	0	0	0	0	0	0	0	cell = 376 to 383
0	0	0	0	0	0	0	0	cell = 384 to 391
0	0	0	0	0	0	0	0	cell = 392 to 399
0	0	0	0	0	0	0	0	cell = 400 to 407
0	0	0	0	0	0	0	0	cell = 408 to 415
0	0	0	0	0	0	0	0	cell = 416 to 423
0	0	0	0	0	0	0	0	cell = 424 to 431
0	0	0	0	0	0	0	0	cell = 432 to 439
0	0	0	0	0	0	0	0	cell = 440 to 447
0	0	0	0	0	0	0	0	cell = 448 to 455
0	0	0	0	0	0	0	0	cell = 456 to 463
0	0	0	0	0	0	0	0	cell = 464 to 471
0	0	0	0	0	0	0	0	cell = 472 to 479
0	0	0	0	0	0	0	0	cell = 480 to 487
0	0	0	0	0	0	0	0	cell = 488 to 495
0	0	0	0	0	0	0	0	cell = 496 to 503
0	0	0	0	0	0	0	0	cell = 504 to 511
0	0	0	0	0	0	0	0	cell = 512 to 519
0	0	0	0	0	0	0	0	cell = 520 to 527
0	0	0	0	0	0	0	0	cell = 528 to 535
0	0	0	0	0	0	0	0	cell = 536 to 543
0	0	0	0	0	0	0	0	cell = 544 to 551
0	0	0	0	0	0	0	0	cell = 552 to 559
0	0	0	0	0	0	0	0	cell = 560 to 567
0	0	0	0	0	0	0	0	cell = 568 to 575
0	0	0	0	0	0	0	0	cell = 576 to 583
0	0	0	0	0	0	0	0	cell = 584 to 591
0	0	0	0	0	0	0	0	cell = 592 to 599
0	0	1	1	0	0	0	0	cell = 600 to 607
0	0	0	0	0	0	0	0	cell = 608 to 615
0	0	0	0	0	0	1	0	cell = 616 to 623
0	0	1	0	0	0	0	0	cell = 624 to 631
0	0	0	0	0	0	0	0	cell = 632 to 639
0	0	0	0	0	0	0	0	cell = 640 to 647
0	0	0	0	0	0	0	0	cell = 648 to 655
0	0	0	0	0	0	0	0	cell = 656 to 663
0	0	0	0	0	0	0	0	cell = 664 to 671
0	0	0	0	0	0	0	0	cell = 672 to 679
0	0	0	0	0	1	0	1	cell = 680 to 687
1	0	0	0	0	0	1	1	cell = 688 to 695
0	0	0	1	0	1	0	1	cell = 696 to 703
0	0	1	0	0	0	0	0	cell = 704 to 711
1	0	0	1	0	0	1	0	cell = 712 to 719
0	0	0	0	1	0	0	1	cell = 720 to 727
0	0	0	1	1	0	1	0	cell = 728 to 735
0	1	0	1	1	0	0	0	cell = 736 to 743
0	0	0	0	0	1	0	0	cell = 744 to 751
1	1	1	0	0	1	1	1	cell = 752 to 759
1	0	1	1	0	1	0	0	cell = 760 to 767
1	1	1	1	1	1	1	1	cell = 768 to 775
1	1	1	1	1	1	0	1	cell = 776 to 783
1	1	1	1	1	1	1	1	cell = 784 to 791
0	0	1	1	1	0	1	1	cell = 792 to 799
1	0	1	1	1	1	1	0	cell = 800 to 807
1	1	1	1	1	1	0	1	cell = 808 to 815
1	1	1	1	0	1	0	1	cell = 816 to 823
1	1	1	1	1	1	1	1	cell = 824 to 831
1	1	1	0	1	1	1	1	cell = 832 to 839
1	1	1	0	1	1	1	1	cell = 840 to 847
1	1	1	1	1	1	1	1	cell = 848 to 855
1	1	1	1	1	1	1	1	cell = 856 to 863
1	1	1	1	1	1	1	1	cell = 864 to 871
1	1	2	1	1	1	1	1	cell = 872 to 879
1	1	1	1	1	1	1	1	cell = 880 to 887
1	1	1	1	1	1	1	1	cell = 888 to 895
1	1	1	1	1	1	1	1	cell = 896 to 903
1	1	1	1	1	1	1	1	cell = 904 to 911
1	1	1	1	1	1	1	1	cell = 912 to 919
1	1	1	1	1	1	1	1	cell = 920 to 927
1	1	1	1	1	1	1	1	cell = 928 to 935
1	1	1	1	1	1	1	1	cell = 936 to 943
1	1	1	1	1	1	1	1	cell = 944 to 951
1	1	1	1	1	1	1	1	cell = 952 to 959
3	1	1	1	1	1	1	1	cell = 960 to 967
1	1	1	1	1	1	1	1	cell = 968 to 975
1	1	1	1	1	1	1	1	cell = 976 to 983
1	1	1	1	2	2	2	2	cell = 984 to 991
1	2	2	0	-1	-3	-4	-3	cell = 992 to 999
-2	-1	0	1	2	2	3	3	cell = 1000 to 1007
4	4	5	5	5	3	2	0	cell = 1008 to 1015
0	0	2	2	2	2	2	2	cell = 1016 to 1023
Calibration values from cell 0 to 1024 for channel 6:

0	0	0	0	-1	-1	0	-1	cell = 0 to 7
-1	0	0	-1	-1	-1	-1	-1	cell = 8 to 15
-1	-1	-1	0	-1	0	-1	-1	cell = 16 to 23
0	-1	-1	-1	-1	-1	-1	0	cell = 24 to 31
0	-1	0	-1	0	0	0	-1	cell = 32 to 39
0	0	0	0	0	0	-1	-1	cell = 40 to 47
-1	0	0	-1	0	0	0	0	cell = 48 to 55
0	0	0	0	0	0	0	0	cell = 56 to 63
0	0	0	0	-1	0	0	0	cell = 64 to 71
0	0	0	0	0	0	0	0	cell = 72 to 79
0	0	0	0	0	0	0	0	cell = 80 to 87
0	0	0	0	0	0	0	0	cell = 88 to 95
0	0	0	-1	0	0	0	0	cell = 96 to 103
0	0	0	0	0	0	0	0	cell = 104 to 111
0	0	0	0	0	0	0	0	cell = 112 to 119
0	0	0	0	0	0	0	0	cell = 120 to 127
0	0	0	0	0	0	0	0	cell = 128 to 135
0	0	0	0	0	0	0	0	cell = 136 to 143
0	0	0	0	0	0	0	0	cell = 144 to 151
0	0	0	0	0	0	0	0	cell = 152 to 159
0	0	0	0	0	0	0	0	cell = 160 to 167
0	0	0	0	0	0	0	0	cell = 168 to 175
0	0	0	0	0	0	0	0	cell = 176 to 183
0	0	0	0	0	0	0	0	cell = 184 to 191
0	0	0	0	0	0	0	0	cell = 192 to 199
0	0	0	0	0	0	0	0	cell = 200 to 207
0	0	0	0	0	0	0	0	cell = 208 to 215
0	0	0	0	0	0	0	0	cell = 216 to 223
0	0	0	0	0	0	0	0	cell = 224 to 231
0	0	0	0	0	0	0	0	cell = 232 to 239
0	0	0	0	0	0	0	0	cell = 240 to 247
0	0	0	0	0	0	0	0	cell = 248 to 255
0	0	0	0	0	0	0	0	cell = 256 to 263
0	0	0	0	0	0	0	0	cell = 264 to 271
0	0	0	0	0	0	0	0	cell = 272 to 279
0	0	0	0	0	0	0	0	cell = 280 to 287
0	0	0	0	0	0	0	0	cell = 288 to 295
0	0	0	0	0	0	0	0	cell = 296 to 303
0	0	0	0	0	0	0	0	cell = 304 to 311
0	0	0	0	0	0	0	0	cell = 312 to 319
0	0	0	0	0	0	0	0	cell = 320 to 327
0	0	0	0	0	0	0	0	cell = 328 to 335
0	0	0	0	0	0	0	0	cell = 336 to 343
0	0	0	0	0	0	0	0	cell = 344 to 351
0	0	0	0	0	0	0	0	cell = 352 to 359
0	0	0	0	0	0	0	0	cell = 360 to 367
0	0	0	0	0	0	0	0	cell = 368 to 375
0	0	0	0	0	0	0	0	cell = 376 to 383
0	0	0	0	0	0	0	0	cell = 384 to 391
0	0	0	0	0	0	0	0	cell = 392 to 399
0	0	0	0	0	0	0	0	cell = 400 to 407
0	0	0	0	0	0	0	0	cell = 408 to 415
0	0	0	0	0	0	0	0	cell = 416 to 423
0	0	0	0	0	0	0	0	cell = 424 to 431
0	0	0	0	0	0	0	0	cell = 432 to 439
0	0	0	0	0	0	0	0	cell = 440 to 447
0	0	0	0	0	0	0	0	cell = 448 to 455
0	0	0	0	0	0	0	0	cell = 456 to 463
0	0	0	0	0	0	0	0	cell = 464 to 471
0	0	0	0	0	0	0	0	cell = 472 to 479
0	0	0	0	0	0	0	0	cell = 480 to 487
0	0	0	0	0	0	0	0	cell = 488 to 495
0	0	0	0	0	0	0	0	cell = 496 to 503
0	0	0	0	0	0	0	0	cell = 504 to 511
0	0	0	0	0	0	0	0	cell = 512 to 519
0	0	0	0	0	0	0	0	cell = 520 to 527
0	0	0	0	0	0	0	0	cell = 528 to 535
0	0	0	0	0	0	0	0	cell = 536 to 543
0	0	0	0	0	0	0	0	cell = 544 to 551
0	0	0	0	0	0	0	0	cell = 552 to 559
0	0	0	0	0	0	0	0	cell = 560 to 567
0	0	0	0	0	0	0	0	cell = 568 to 575
0	0	0	0	0	0	0	0	cell = 576 to 583
0	0	0	0	0	0	0	0	cell = 584 to 591
0	0	0	0	0	0	0	0	cell = 592 to 599
0	0	0	0	0	0	0	0	cell = 600 to 607
0	0	0	0	0	0	0	0	cell = 608 to 615
0	0	0	0	0	0	0	0	cell = 616 to 623
0	0	0	0	0	0	0	0	cell = 624 to 631
0	0	0	0	0	0	0	0	cell = 632 to 639
0	0	0	0	0	0	0	0	cell = 640 to 647
0	0	0	0	0	0	0	0	cell = 648 to 655
0	0	0	0	0	0	0	1	cell = 656 to 663
1	0	0	1	0	0	0	0	cell = 664 to 671
0	0	0	0	0	0	1	0	cell = 672 to 679
1	0	0	0	0	1	1	0	cell = 680 to 687
0	0	1	1	0	1	1	1	cell = 688 to 695
1	0	0	1	1	1	1	1	cell = 696 to 703
1	0	1	0	1	0	1	1	cell = 704 to 711
0	1	0	0	0	0	0	0	cell = 712 to 719
1	1	0	0	0	1	1	1	cell = 720 to 727
0	0	0	0	0	0	0	0	cell = 728 to 735
0	0	1	0	0	0	0	1	cell = 736 to 743
1	1	1	0	1	1	1	1	cell = 744 to 751
1	1	1	1	1	1	0	0	cell = 752 to 759
1	1	1	1	1	1	0	1	cell = 760 to 767
1	1	1	1	1	1	1	1	cell = 768 to 775
0	1	1	1	1	1	1	1	cell = 776 to 783
1	1	1	1	1	1	1	1	cell = 784 to 791
0	1	1	1	1	1	1	1	cell = 792 to 799
0	0	1	1	1	1	1	1	cell = 800 to 807
0	1	1	1	1	1	1	1	cell = 808 to 815
1	0	1	1	1	1	1	1	cell = 816 to 823
1	1	1	1	1	1	1	1	cell = 824 to 831
1	1	1	1	1	1	1	1	cell = 832 to 839
1	1	1	1	1	1	1	1	cell = 840 to 847
1	1	1	1	1	1	1	1	cell = 848 to 855
1	1	1	1	1	1	1	1	cell = 856 to 863
1	1	1	1	1	1	1	1	cell = 864 to 871
1	1	1	1	1	1	1	1	cell = 872 to 879
1	1	1	1	1	1	1	1	cell = 880 to 887
1	1	1	1	1	1	1	1	cell = 888 to 895
0	1	1	1	1	1	1	1	cell = 896 to 903
1	1	1	1	1	1	1	1	cell = 904 to 911
1	1	1	1	1	1	1	1	cell = 912 to 919
1	1	1	1	1	1	1	1	cell = 920 to 927
1	1	1	1	1	1	1	1	cell = 928 to 935
1	1	1	1	1	1	1	1	cell = 936 to 943
1	1	1	1	2	1	1	1	cell = 944 to 951
1	1	1	1	1	1	1	1	cell = 952 to 959
1	1	1	1	1	1	1	1	cell = 960 to 967
1	1	1	1	1	1	1	1	cell = 968 to 975
1	1	1	1	1	1	1	1	cell = 976 to 983
1	1	1	1	2	2	1	2	cell = 984 to 991
2	2	2	1	0	-2	-3	-3	cell = 992 to 999
-3	-1	0	1	2	2	3	3	cell = 1000 to 1007
4	4	4	5	5	4	2	0	cell = 1008 to 1015
0	0	1	2	2	2	1	3	cell = 1016 to 1023
Calibration values from cell 0 to 1024 for channel 7:

0	0	0	0	-1	-1	-1	-1	cell = 0 to 7
-1	-1	-1	-1	0	-1	0	0	cell = 8 to 15
0	-1	0	0	-1	0	0	-1	cell = 16 to 23
-1	-1	-1	-1	0	0	0	0	cell = 24 to 31
-1	0	0	0	0	-2	0	0	cell = 32 to 39
0	0	0	0	0	0	0	0	cell = 40 to 47
0	-1	0	0	0	0	0	0	cell = 48 to 55
-1	0	0	0	0	0	0	0	cell = 56 to 63
0	0	0	0	0	0	0	0	cell = 64 to 71
0	0	0	0	0	0	0	0	cell = 72 to 79
0	0	0	0	0	0	0	0	cell = 80 to 87
0	0	0	0	0	0	0	0	cell = 88 to 95
0	0	0	0	0	0	0	0	cell = 96 to 103
0	0	0	0	0	0	0	0	cell = 104 to 111
0	0	0	0	0	0	0	0	cell = 112 to 119
0	0	0	-2	0	0	0	0	cell = 120 to 127
0	0	0	0	0	0	0	0	cell = 128 to 135
0	0	0	0	0	0	0	0	cell = 136 to 143
0	0	0	0	0	0	0	0	cell = 144 to 151
0	0	0	0	0	0	0	0	cell = 152 to 159
0	0	0	0	0	0	0	0	cell = 160 to 167
0	0	0	0	0	0	0	0	cell = 168 to 175
0	0	0	0	0	0	0	0	cell = 176 to 183
0	0	0	0	0	0	0	0	cell = 184 to 191
0	0	0	0	0	0	0	0	cell = 192 to 199
0	0	0	0	0	0	0	-1	cell = 200 to 207
-1	0	0	0	0	0	0	0	cell = 208 to 215
0	0	0	0	0	0	0	0	cell = 216 to 223
0	0	0	0	0	0	0	0	cell = 224 to 231
0	0	0	0	0	0	0	0	cell = 232 to 239
0	0	0	0	0	0	0	0	cell = 240 to 247
0	0	0	0	0	0	0	0	cell = 248 to 255
0	0	0	0	0	0	0	0	cell = 256 to 263
0	0	0	0	0	0	0	0	cell = 264 to 271
0	0	0	0	0	0	0	0	cell = 272 to 279
0	0	0	0	0	0	0	0	cell = 280 to 287
0	0	0	-1	0	0	0	0	cell = 288 to 295
0	0	0	0	0	0	0	0	cell = 296 to 303
0	0	0	0	0	0	0	0	cell = 304 to 311
0	0	0	0	0	0	0	0	cell = 312 to 319
0	0	0	0	0	0	0	0	cell = 320 to 327
0	0	0	0	0	0	0	0	cell = 328 to 335
0	0	0	0	0	0	0	0	cell = 336 to 343
0	0	0	0	0	0	0	0	cell = 344 to 351
0	0	0	0	0	0	0	0	cell = 352 to 359
0	0	0	0	0	0	0	0	cell = 360 to 367
0	0	0	0	0	0	0	0	cell = 368 to 375
0	0	0	0	0	0	0	0	cell = 376 to 383
0	0	0	0	0	0	0	0	cell = 384 to 391
0	0	0	0	0	0	0	0	cell = 392 to 399
0	0	0	0	0	0	0	0	cell = 400 to 407
0	0	0	0	0	0	0	0	cell = 408 to 415
0	0	0	0	0	0	0	0	cell = 416 to 423
0	0	0	0	0	0	0	0	cell = 424 to 431
0	0	0	0	0	0	0	0	cell = 432 to 439
0	0	0	0	0	0	0	0	cell = 440 to 447
0	0	0	0	0	0	0	0	cell = 448 to 455
0	0	0	0	0	0	0	0	cell = 456 to 463
0	0	0	0	0	0	0	0	cell = 464 to 471
0	0	0	0	0	0	0	0	cell = 472 to 479
0	0	0	0	0	0	0	0	cell = 480 to 487
0	0	0	0	0	0	0	0	cell = 488 to 495
0	0	0	0	0	0	0	0	cell = 496 to 503
0	0	0	0	0	0	0	0	cell = 504 to 511
0	0	0	0	0	0	0	0	cell = 512 to 519
0	0	0	0	0	0	0	0	cell = 520 to 527
0	0	0	0	0	0	0	0	cell = 528 to 535
0	0	0	0	0	0	0	0	cell = 536 to 543
0	0	0	0	0	0	0	0	cell = 544 to 551
0	0	0	0	0	0	0	0	cell = 552 to 559
0	0	0	0	0	0	0	0	cell = 560 to 567
0	0	0	0	0	0	0	0	cell = 568 to 575
0	0	0	0	0	0	0	0	cell = 576 to 583
0	0	0	0	0	0	0	0	cell = 584 to 591
0	0	0	0	0	0	0	0	cell = 592 to 599
0	0	1	0	0	0	0	0	cell = 600 to 607
0	0	0	0	0	0	0	0	cell = 608 to 615
0	0	0	0	1	0	0	0	cell = 616 to 623
0	0	0	1	0	0	0	0	cell = 624 to 631
0	0	0	0	0	0	0	0	cell = 632 to 639
0	0	0	0	0	0	0	0	cell = 640 to 647
0	0	0	0	0	0	0	0	cell = 648 to 655
0	0	0	0	0	0	1	0	cell = 656 to 663
1	0	1	0	0	0	0	0	cell = 664 to 671
0	0	0	0	0	0	0	0	cell = 672 to 679
0	0	0	0	0	1	0	0	cell = 680 to 687
1	0	0	0	1	0	1	1	cell = 688 to 695
1	1	0	0	0	1	0	0	cell = 696 to 703
0	1	0	0	1	0	0	0	cell = 704 to 711
0	1	0	0	0	1	1	0	cell = 712 to 719
1	0	0	0	0	1	0	1	cell = 720 to 727
0	1	1	0	1	0	0	0	cell = 728 to 735
1	0	0	0	0	0	1	0	cell = 736 to 743
0	1	0	0	0	0	1	1	cell = 744 to 751
1	0	1	0	0	0	1	0	cell = 752 to 759
0	1	0	1	1	1	1	1	cell = 760 to 767
0	1	1	1	1	1	1	1	cell = 768 to 775
1	0	1	1	1	1	1	1	cell = 776 to 783
1	1	1	1	1	1	1	1	cell = 784 to 791
1	1	1	1	1	1	1	1	cell = 792 to 799
1	1	1	1	1	1	1	1	cell = 800 to 807
1	1	0	1	1	1	1	1	cell = 808 to 815
1	1	1	1	0	0	1	1	cell = 816 to 823
1	1	1	1	1	1	1	1	cell = 824 to 831
1	1	1	1	1	1	1	1	cell = 832 to 839
1	1	1	1	1	1	0	1	cell = 840 to 847
1	1	1	1	1	1	1	1	cell = 848 to 855
1	1	1	1	1	1	1	1	cell = 856 to 863
1	1	1	1	1	1	1	1	cell = 864 to 871
1	1	1	1	1	1	1	1	cell = 872 to 879
1	1	1	1	1	1	1	1	cell = 880 to 887
1	1	1	1	1	1	1	1	cell = 888 to 895
1	1	1	1	1	1	1	1	cell = 896 to 903
1	1	1	1	1	1	1	1	cell = 904 to 911
1	1	1	1	1	1	1	1	cell = 912 to 919
1	1	1	1	1	1	1	1	cell = 920 to 927
1	1	1	1	1	1	1	1	cell = 928 to 935
1	1	1	1	1	1	1	1	cell = 936 to 943
1	1	1	1	1	1	1	1	cell = 944 to 951
1	1	1	1	1	1	1	1	cell = 952 to 959
1	1	1	1	1	1	1	1	cell = 960 to 967
1	1	1	1	1	1	1	2	cell = 968 to 975
1	1	1	1	1	1	1	1	cell = 976 to 983
1	1	1	1	2	2	2	1	cell = 984 to 991
1	1	0	0	-1	-2	-3	-3	cell = 992 to 999
-2	0	0	1	2	2	3	3	cell = 1000 to 1007
4	5	5	5	5	4	3	1	cell = 1008 to 1015
1	1	2	3	3	3	3	4	cell = 1016 to 1023
Calibration values from cell 0 to 1024 for channel 8:

0	0	0	0	-1	0	0	-1	cell = 0 to 7
-1	-1	-1	-1	-1	-1	-1	-1	cell = 8 to 15
-1	-1	-1	-1	-1	-1	-1	-1	cell = 16 to 23
-1	-1	-1	-1	-1	-2	-1	-1	cell = 24 to 31
-1	-2	-2	-2	-2	-2	-2	-1	cell = 32 to 39
-2	-2	-2	-2	-2	-2	-2	-2	cell = 40 to 47
-2	-2	-2	-2	-2	-1	-2	-2	cell = 48 to 55
-2	-2	-2	-2	-2	-2	-2	-2	cell = 56 to 63
-2	-2	-2	-2	-2	-2	-2	-2	cell = 64 to 71
-2	-2	-2	-2	-2	-2	-2	-2	cell = 72 to 79
-2	-2	-2	-2	-2	-2	-2	-2	cell = 80 to 87
-2	-2	-2	-2	-2	-2	-2	-2	cell = 88 to 95
-2	-2	-2	-2	-2	-2	-2	-2	cell = 96 to 103
-2	-2	-2	-2	-2	-2	-2	-2	cell = 104 to 111
-2	-2	-2	-2	-2	-2	-2	-2	cell = 112 to 119
-2	-2	-2	-2	-2	-2	-2	-2	cell = 120 to 127
-2	-2	-2	-2	-2	-2	-2	-2	cell = 128 to 135
-2	-1	-2	-2	-2	-2	-2	-2	cell = 136 to 143
-2	-2	-2	-2	-2	-1	-2	-2	cell = 144 to 151
-2	-2	-2	-2	-2	-2	-2	-2	cell = 152 to 159
-2	-1	-1	-1	-1	-2	-1	-2	cell = 160 to 167
-2	-1	-2	-1	-1	-1	-2	-2	cell = 168 to 175
-2	-2	-1	-2	-2	-1	-2	-1	cell = 176 to 183
-2	-1	-2	-2	-1	-1	-1	-1	cell = 184 to 191
-1	-1	-1	-1	-1	-1	-1	-1	cell = 192 to 199
-1	-1	-1	-1	-1	-1	-1	-1	cell = 200 to 207
-1	-1	-1	-1	-1	-1	-1	-1	cell = 208 to 215
-1	-1	-1	-1	-1	-1	-1	-1	cell = 216 to 223
0	-1	-1	-1	0	-1	-1	0	cell = 224 to 231
-1	0	0	0	0	-1	0	-1	cell = 232 to 239
-1	-1	0	0	-1	0	-1	0	cell = 240 to 247
0	0	0	-1	0	0	0	0	cell = 248 to 255
0	0	0	0	0	0	0	0	cell = 256 to 263
0	0	0	0	0	0	0	0	cell = 264 to 271
0	0	0	0	0	0	0	0	cell = 272 to 279
0	0	0	0	0	0	0	0	cell = 280 to 287
0	0	0	0	0	0	0	0	cell = 288 to 295
0	0	0	0	0	0	0	0	cell = 296 to 303
0	0	0	0	0	0	0	0	cell = 304 to 311
0	0	0	0	0	0	0	0	cell = 312 to 319
0	0	0	0	0	0	0	0	cell = 320 to 327
0	0	0	0	0	0	0	0	cell = 328 to 335
0	0	0	0	0	0	0	0	cell = 336 to 343
0	0	0	0	0	0	0	0	cell = 344 to 351
0	0	0	0	0	0	0	0	cell = 352 to 359
0	0	0	0	0	0	0	0	cell = 360 to 367
0	0	0	0	0	0	0	0	cell = 368 to 375
0	0	0	0	0	0	0	0	cell = 376 to 383
0	0	0	0	0	0	0	0	cell = 384 to 391
0	0	0	0	0	0	0	0	cell = 392 to 399
0	0	0	0	0	0	0	0	cell = 400 to 407
0	0	0	0	0	0	0	0	cell = 408 to 415
0	0	0	0	0	0	0	0	cell = 416 to 423
0	0	0	0	0	1	0	0	cell = 424 to 431
0	0	0	0	0	0	0	0	cell = 432 to 439
0	0	0	0	0	0	0	0	cell = 440 to 447
0	0	0	0	0	0	0	0	cell = 448 to 455
0	0	0	0	0	0	0	0	cell = 456 to 463
0	0	0	0	0	1	0	0	cell = 464 to 471
0	0	0	0	0	0	0	0	cell = 472 to 479
0	0	0	0	0	0	0	0	cell = 480 to 487
0	0	0	0	0	1	0	0	cell = 488 to 495
0	0	0	0	0	0	1	1	cell = 496 to 503
0	0	0	0	0	0	0	1	cell = 504 to 511
0	1	1	0	0	1	0	0	cell = 512 to 519
1	0	0	1	0	1	1	1	cell = 520 to 527
0	0	0	0	0	0	0	1	cell = 528 to 535
1	0	0	1	0	0	0	1	cell = 536 to 543
0	0	0	1	1	1	1	1	cell = 544 to 551
1	0	0	1	1	0	1	1	cell = 552 to 559
0	1	1	1	1	1	1	0	cell = 560 to 567
0	0	0	1	0	1	0	1	cell = 568 to 575
1	1	0	1	0	1	1	1	cell = 576 to 583
0	1	1	1	0	1	1	0	cell = 584 to 591
1	0	0	1	1	1	1	1	cell = 592 to 599
1	1	1	1	1	1	0	1	cell = 600 to 607
1	1	1	1	0	1	0	1	cell = 608 to 615
1	1	1	0	1	0	1	1	cell = 616 to 623
1	1	1	1	0	0	1	1	cell = 624 to 631
1	0	1	1	1	1	1	1	cell = 632 to 639
1	1	1	1	1	1	1	1	cell = 640 to 647
1	1	1	0	1	1	1	1	cell = 648 to 655
1	1	1	1	1	1	0	1	cell = 656 to 663
0	1	1	1	1	1	1	1	cell = 664 to 671
1	1	1	0	1	1	1	1	cell = 672 to 679
1	1	1	1	1	1	1	1	cell = 680 to 687
1	1	1	1	1	1	1	1	cell = 688 to 695
1	1	1	1	1	1	1	1	cell = 696 to 703
1	1	1	1	1	1	1	1	cell = 704 to 711
1	1	1	1	1	1	1	1	cell = 712 to 719
1	1	1	1	1	1	1	1	cell = 720 to 727
1	1	1	1	1	1	1	1	cell = 728 to 735
1	1	1	1	1	1	1	1	cell = 736 to 743
1	1	1	1	1	1	1	1	cell = 744 to 751
1	1	1	1	1	1	1	1	cell = 752 to 759
1	1	1	1	1	1	1	1	cell = 760 to 767
1	1	1	1	1	1	1	1	cell = 768 to 775
1	1	1	1	1	1	1	1	cell = 776 to 783
1	1	1	1	1	1	1	1	cell = 784 to 791
1	1	1	1	1	1	1	1	cell = 792 to 799
1	1	1	1	1	1	1	1	cell = 800 to 807
1	1	1	1	1	1	1	1	cell = 808 to 815
1	1	1	1	1	1	1	1	cell = 816 to 823
1	1	1	1	1	1	1	1	cell = 824 to 831
1	1	1	1	1	1	1	1	cell = 832 to 839
1	1	1	1	1	1	1	1	cell = 840 to 847
1	1	1	1	1	1	1	1	cell = 848 to 855
1	1	1	1	1	1	1	1	cell = 856 to 863
1	1	1	1	1	1	1	1	cell = 864 to 871
1	1	1	1	1	1	1	1	cell = 872 to 879
1	1	1	1	1	1	1	1	cell = 880 to 887
1	1	1	1	1	1	1	1	cell = 888 to 895
1	1	1	1	1	1	1	1	cell = 896 to 903
1	1	1	1	1	1	1	1	cell = 904 to 911
1	1	1	1	1	1	1	1	cell = 912 to 919
1	1	1	1	1	1	1	1	cell = 920 to 927
1	1	1	1	1	1	1	1	cell = 928 to 935
1	1	1	1	1	1	1	1	cell = 936 to 943
1	1	1	1	2	1	1	1	cell = 944 to 951
1	1	1	1	1	1	1	1	cell = 952 to 959
1	1	1	1	1	1	1	1	cell = 960 to 967
1	1	1	1	1	1	2	1	cell = 968 to 975
1	1	1	1	1	1	1	1	cell = 976 to 983
1	1	1	1	2	3	3	3	cell = 984 to 991
3	3	3	2	1	-1	-2	-4	cell = 992 to 999
-5	-4	-4	-1	0	3	4	4	cell = 1000 to 1007
5	5	5	6	6	5	4	2	cell = 1008 to 1015
2	2	3	4	5	6	6	7	cell = 1016 to 1023
