Calibration values from cell 0 to 1024 for channel 0:

47	-63	-13	-18	36	16	16	-42	cell = 0 to 7
69	8	27	-6	77	-11	60	-31	cell = 8 to 15
60	-30	35	-33	66	-31	76	15	cell = 16 to 23
32	-37	34	-20	73	-18	57	-8	cell = 24 to 31
47	-8	60	-18	19	32	14	-4	cell = 32 to 39
26	-18	59	28	54	-10	44	21	cell = 40 to 47
46	25	41	1	39	-9	59	2	cell = 48 to 55
44	3	62	-17	38	-15	8	-24	cell = 56 to 63
9	-6	13	-16	77	-17	32	3	cell = 64 to 71
28	-10	73	-2	66	-42	17	6	cell = 72 to 79
52	-37	48	10	82	-16	50	14	cell = 80 to 87
75	5	22	-53	25	-55	1	-10	cell = 88 to 95
13	40	38	5	50	6	25	18	cell = 96 to 103
40	-12	53	12	29	-5	41	-12	cell = 104 to 111
32	7	36	17	44	-31	24	-36	cell = 112 to 119
37	13	22	-7	7	47	26	-14	cell = 120 to 127
47	-5	77	-20	43	-20	35	-6	cell = 128 to 135
50	3	54	25	57	-17	81	11	cell = 136 to 143
40	18	34	4	15	-36	18	24	cell = 144 to 151
36	-5	50	-51	63	-20	25	-45	cell = 152 to 159
41	-24	50	-13	41	-15	48	-2	cell = 160 to 167
21	12	28	13	34	15	21	23	cell = 168 to 175
52	4	26	33	19	20	54	-14	cell = 176 to 183
43	-3	25	-28	16	3	38	-62	cell = 184 to 191
63	-14	42	1	82	-7	23	18	cell = 192 to 199
49	3	53	7	24	10	1	-2	cell = 200 to 207
48	11	20	21	66	-27	72	10	cell = 208 to 215
67	-9	33	-11	39	14	29	-14	cell = 216 to 223
67	-22	76	2	54	20	71	-3	cell = 224 to 231
67	7	-18	26	11	-30	61	-14	cell = 232 to 239
29	4	38	-2	41	-23	102	2	cell = 240 to 247
67	15	53	-12	61	-15	77	11	cell = 248 to 255
35	-26	43	-5	29	-22	38	5	cell = 256 to 263
60	-6	92	7	76	9	41	-1	cell = 264 to 271
73	5	51	-6	71	-13	76	-19	cell = 272 to 279
70	17	58	2	35	-28	59	-32	cell = 280 to 287
63	0	67	-37	68	-19	52	-6	cell = 288 to 295
64	-38	44	-19	55	11	45	-70	cell = 296 to 303
53	-3	28	-18	19	-41	39	-22	cell = 304 to 311
74	21	42	-22	60	-17	50	-16	cell = 312 to 319
53	-27	69	-35	61	-24	23	-43	cell = 320 to 327
52	16	13	-15	32	-12	77	-13	cell = 328 to 335
29	-33	32	-51	50	-33	47	-6	cell = 336 to 343
54	-7	49	-18	47	-14	69	-6	cell = 344 to 351
88	6	18	-30	40	-17	35	2	cell = 352 to 359
62	-4	59	13	26	5	1	4	cell = 360 to 367
29	2	72	-15	34	3	45	-34	cell = 368 to 375
25	-12	84	-13	-21	-35	32	-2	cell = 376 to 383
31	11	17	-11	31	-2	32	14	cell = 384 to 391
34	33	39	-14	61	-9	31	22	cell = 392 to 399
46	-2	19	3	36	5	42	6	cell = 400 to 407
78	-30	37	-31	46	23	61	37	cell = 408 to 415
57	5	45	-14	48	36	34	-3	cell = 416 to 423
27	-14	33	-2	24	34	43	23	cell = 424 to 431
44	-16	33	20	61	14	46	10	cell = 432 to 439
53	36	57	2	-19	-2	44	-9	cell = 440 to 447
55	22	30	27	42	-19	35	7	cell = 448 to 455
69	-13	51	24	35	-22	27	1	cell = 456 to 463
66	12	32	-21	35	-8	18	25	cell = 464 to 471
71	-17	20	-4	74	-8	6	7	cell = 472 to 479
17	15	41	-3	33	-53	29	-27	cell = 480 to 487
16	-25	63	16	24	0	-11	-11	cell = 488 to 495
44	-41	-50	-77	-9	-55	-50	-80	cell = 496 to 503
58	-35	18	-16	75	-21	20	-17	cell = 504 to 511
-42	-40	-54	9	-33	-24	-2	-36	cell = 512 to 519
-20	-21	-43	2	-48	-8	-42	25	cell = 520 to 527
-27	-31	15	-13	-13	-31	-33	-2	cell = 528 to 535
-22	4	-50	-4	-36	1	11	-15	cell = 536 to 543
-72	7	-13	6	-12	-14	-20	-24	cell = 544 to 551
2	-17	-42	27	-25	-3	-18	-14	cell = 552 to 559
-56	-49	-13	-44	-15	-16	-53	-59	cell = 560 to 567
-37	-4	-36	-45	-17	12	-39	-46	cell = 568 to 575
20	-9	-65	-15	-48	-4	-24	-14	cell = 576 to 583
-29	-16	-62	-31	-16	6	-23	1	cell = 584 to 591
-27	-18	-62	1	-18	-25	-19	2	cell = 592 to 599
-53	-43	-16	12	-28	6	-21	12	cell = 600 to 607
-21	-18	-8	-5	-52	-29	9	9	cell = 608 to 615
-14	10	-44	-39	-10	-32	-7	-28	cell = 616 to 623
-18	-16	-20	-6	-36	-29	-41	-9	cell = 624 to 631
-26	-14	-6	17	-56	-42	-47	33	cell = 632 to 639
-58	-41	-1	-14	-17	15	-24	4	cell = 640 to 647
-15	-20	-25	-22	-15	-18	-29	17	cell = 648 to 655
-32	-3	-13	-25	-7	9	11	-41	cell = 656 to 663
-8	-37	-20	-26	-19	2	-30	13	cell = 664 to 671
-67	-11	-49	-10	-11	7	23	-7	cell = 672 to 679
-2	-16	-13	-4	2	-11	-20	-18	cell = 680 to 687
-9	6	-8	-48	-3	-6	-10	-28	cell = 688 to 695
5	22	25	-18	-47	-29	-9	-20	cell = 696 to 703
-48	-15	-51	-27	-5	-29	-52	-26	cell = 704 to 711
6	-68	-2	-24	12	-22	-48	-44	cell = 712 to 719
-12	-33	-44	-12	-50	27	1	-71	cell = 720 to 727
-15	-55	12	-22	-46	-2	7	-27	cell = 728 to 735
-23	-37	7	-36	-25	4	-6	-21	cell = 736 to 743
-38	-25	-4	-13	24	3	-1	-17	cell = 744 to 751
-3	-20	8	26	-13	-20	-35	-44	cell = 752 to 759
-14	-13	-23	0	-41	12	-25	37	cell = 760 to 767
-23	7	-30	-3	-16	-41	29	-57	cell = 768 to 775
-19	-28	-22	-21	-67	24	-9	-25	cell = 776 to 783
-18	-21	29	12	-60	-17	-81	3	cell = 784 to 791
-5	-27	-14	7	-23	-27	-13	-27	cell = 792 to 799
-37	-13	-25	-12	-10	-2	10	-10	cell = 800 to 807
-35	22	-25	-29	-7	-41	-21	5	cell = 808 to 815
6	-30	-5	-24	-23	-13	3	-3	cell = 816 to 823
-27	6	-25	-30	-14	-21	-44	14	cell = 824 to 831
-30	-26	-39	-41	14	-13	-24	-21	cell = 832 to 839
-54	13	-10	-17	1	-6	-6	-23	cell = 840 to 847
-22	-17	-3	-23	-43	-16	-28	-24	cell = 848 to 855
-36	-15	-22	-55	-39	-24	-4	-28	cell = 856 to 863
-25	10	-29	-31	-27	35	6	0	cell = 864 to 871
-63	-41	4	1	4	-12	-23	-32	cell = 872 to 879
-20	27	-27	-13	-15	10	-39	-31	cell = 880 to 887
12	-28	-25	-26	-34	-12	-26	-16	cell = 888 to 895
-50	-33	-44	-20	11	-9	-5	-60	cell = 896 to 903
-11	-6	-4	4	-41	-2	4	-7	cell = 904 to 911
-45	3	-40	-10	14	-22	14	-11	cell = 912 to 919
-44	-24	-46	-4	-30	-11	4	21	cell = 920 to 927
-9	-24	-32	-9	-36	-48	-32	1	cell = 928 to 935
-39	-48	0	-3	-54	-4	-59	-20	cell = 936 to 943
-5	18	-9	1	8	33	-12	-18	cell = 944 to 951
-41	-5	-65	-22	-30	-14	-26	-42	cell = 952 to 959
-44	5	2	-36	-17	-11	-21	-32	cell = 960 to 967
-37	-17	-52	-3	-22	9	-26	-13	cell = 968 to 975
-11	7	-15	-24	-27	-21	1	-10	cell = 976 to 983
-57	-4	-9	-9	-3	3	-5	-27	cell = 984 to 991
-46	36	-61	-52	-23	45	-11	10	cell = 992 to 999
-23	12	-8	-51	-37	2	-24	3	cell = 1000 to 1007
2	-28	-23	-31	-18	8	6	-60	cell = 1008 to 1015
2	-2	-9	-17	0	-7	-4	-20	cell = 1016 to 1023
Calibration values from cell 0 to 1024 for channel 1:

22	4	60	30	57	-29	70	8	cell = 0 to 7
25	-24	38	5	72	-48	78	3	cell = 8 to 15
48	-33	38	-6	47	9	-7	0	cell = 16 to 23
46	5	57	-4	37	-1	21	12	cell = 24 to 31
36	-35	-25	-31	79	23	56	21	cell = 32 to 39
2	-3	54	-6	-11	32	35	-7	cell = 40 to 47
96	-31	25	-26	80	-48	14	-28	cell = 48 to 55
39	-16	42	-36	51	-19	21	-5	cell = 56 to 63
24	-32	0	-34	66	-34	37	-1	cell = 64 to 71
60	-10	45	-11	49	13	54	49	cell = 72 to 79
36	11	42	-14	67	15	67	-24	cell = 80 to 87
35	24	29	-16	51	19	26	-12	cell = 88 to 95
43	31	51	-7	43	-16	64	8	cell = 96 to 103
1	-33	32	-4	60	-24	43	0	cell = 104 to 111
93	43	41	5	52	-28	12	6	cell = 112 to 119
62	16	47	-52	3	-30	16	-14	cell = 120 to 127
35	7	58	3	41	14	26	-33	cell = 128 to 135
60	-13	0	26	40	-12	28	-8	cell = 136 to 143
63	29	62	24	27	3	1	-3	cell = 144 to 151
69	-58	57	-32	50	-40	14	-36	cell = 152 to 159
52	5	36	-6	51	6	39	-12	cell = 160 to 167
70	10	48	6	15	-13	55	0	cell = 168 to 175
45	-46	54	15	40	3	30	10	cell = 176 to 183
49	-22	62	-16	22	36	39	11	cell = 184 to 191
82	-20	17	-35	50	-10	60	-34	cell = 192 to 199
31	-24	87	0	71	-11	12	28	cell = 200 to 207
74	15	71	7	36	3	54	-22	cell = 208 to 215
39	-12	56	-30	63	40	62	16	cell = 216 to 223
41	-17	27	10	39	4	39	-21	cell = 224 to 231
-17	-8	39	-8	22	-3	37	-18	cell = 232 to 239
59	-9	57	-46	58	8	52	-21	cell = 240 to 247
74	-2	63	9	-14	-6	30	-25	cell = 248 to 255
67	30	54	18	64	37	15	-12	cell = 256 to 263
29	-8	39	51	40	12	49	-13	cell = 264 to 271
44	19	116	-2	47	-8	24	-15	cell = 272 to 279
59	-27	60	-6	51	-15	28	-30	cell = 280 to 287
40	0	49	7	51	0	28	-2	cell = 288 to 295
21	16	42	-5	69	-33	39	-20	cell = 296 to 303
30	29	18	-10	54	13	40	13	cell = 304 to 311
16	-44	57	31	37	-33	34	13	cell = 312 to 319
11	-12	45	-13	26	14	43	8	cell = 320 to 327
55	5	91	30	38	-17	15	-7	cell = 328 to 335
46	-31	53	-5	69	-31	62	-21	cell = 336 to 343
37	-14	45	-10	83	-19	49	0	cell = 344 to 351
23	-51	87	-6	51	-41	48	15	cell = 352 to 359
54	-10	55	3	69	-20	75	15	cell = 360 to 367
28	30	9	-10	37	-5	72	-11	cell = 368 to 375
3	-53	55	2	12	-34	-5	-21	cell = 376 to 383
107	-13	51	-6	49	-51	30	6	cell = 384 to 391
30	-14	71	-26	34	4	0	-16	cell = 392 to 399
7	1	23	19	35	31	40	13	cell = 400 to 407
71	-9	35	32	49	-17	64	-32	cell = 408 to 415
18	5	35	-4	35	27	78	-21	cell = 416 to 423
32	-29	48	0	62	27	58	-15	cell = 424 to 431
37	-36	-1	-13	65	9	35	0	cell = 432 to 439
54	-22	18	13	9	-8	39	45	cell = 440 to 447
31	-17	25	-20	40	-39	56	5	cell = 448 to 455
47	-39	15	9	76	4	23	15	cell = 456 to 463
30	2	34	7	22	-1	31	1	cell = 464 to 471
41	1	58	-64	21	-11	26	-10	cell = 472 to 479
73	0	41	9	51	-42	23	-12	cell = 480 to 487
62	-6	38	-22	5	-18	60	29	cell = 488 to 495
51	18	-49	-89	-5	-58	-43	-61	cell = 496 to 503
79	-31	63	5	16	11	12	5	cell = 504 to 511
-71	-5	1	-8	-56	-9	-46	-22	cell = 512 to 519
-21	-37	-34	8	3	-37	-23	0	cell = 520 to 527
-22	-24	-34	-39	-23	-5	-28	7	cell = 528 to 535
-5	-3	-30	16	-29	-19	5	-9	cell = 536 to 543
-32	8	-56	-8	-17	-17	-18	-18	cell = 544 to 551
13	4	-55	-16	-17	0	-45	7	cell = 552 to 559
-1	-13	-11	-40	-43	-25	11	-10	cell = 560 to 567
4	3	-14	-35	-3	-17	-12	-33	cell = 568 to 575
-5	3	-34	12	-17	-23	31	-67	cell = 576 to 583
-27	41	-11	-47	-18	-15	-44	-55	cell = 584 to 591
0	-8	-41	-26	-19	28	-4	-13	cell = 592 to 599
-60	-35	7	-34	-21	-7	-17	-20	cell = 600 to 607
1	-42	-4	-20	2	-23	-32	-5	cell = 608 to 615
-33	-10	15	-22	-49	-9	-10	-3	cell = 616 to 623
-66	-10	-3	3	-51	-7	-19	-45	cell = 624 to 631
-22	-29	12	-18	-59	-14	-41	-37	cell = 632 to 639
-32	-33	-20	-7	-8	17	4	-33	cell = 640 to 647
-36	-4	-31	-21	-24	10	-39	-11	cell = 648 to 655
-23	-9	-37	0	22	9	-22	-5	cell = 656 to 663
-10	2	-22	-14	-32	-50	-19	-41	cell = 664 to 671
-47	-57	-38	4	-25	-11	-23	0	cell = 672 to 679
-27	-23	9	18	-31	-14	-52	34	cell = 680 to 687
14	-33	-14	-6	-46	5	-15	-16	cell = 688 to 695
-47	10	3	13	-23	-33	-33	11	cell = 696 to 703
-25	-34	-19	-13	-23	-5	-51	-19	cell = 704 to 711
-33	-20	-10	-34	-6	0	-7	-27	cell = 712 to 719
-39	1	11	-47	-49	42	-22	-8	cell = 720 to 727
-24	30	-23	-23	-16	-33	-20	-27	cell = 728 to 735
-37	-25	-19	-7	-15	-16	-13	21	cell = 736 to 743
-45	-46	-24	4	-2	-14	-25	-28	cell = 744 to 751
-11	-15	-54	-20	-19	21	-29	-42	cell = 752 to 759
-24	-20	3	7	-7	-30	-8	-30	cell = 760 to 767
-31	-40	-8	-4	-24	-9	-26	-19	cell = 768 to 775
-3	29	-40	18	6	13	-37	-38	cell = 776 to 783
3	-14	-43	26	-6	23	26	-35	cell = 784 to 791
-29	-32	2	-3	-9	3	-13	-9	cell = 792 to 799
-35	14	-18	17	-16	-16	8	9	cell = 800 to 807
-41	-40	-42	5	-53	-47	-49	-19	cell = 808 to 815
-25	6	-4	-18	-12	-37	-6	-53	cell = 816 to 823
-24	9	-64	-34	-28	-12	-12	-4	cell = 824 to 831
-28	-63	23	4	0	-46	-65	-60	cell = 832 to 839
-22	49	14	21	-23	-18	-40	-27	cell = 840 to 847
-27	14	11	0	-26	-33	-24	-7	cell = 848 to 855
9	2	-15	-46	-34	12	-43	-24	cell = 856 to 863
-49	-2	-30	8	-45	1	1	-40	cell = 864 to 871
-34	3	-8	-63	-18	-8	-50	4	cell = 872 to 879
1	-8	9	10	-34	-29	-55	-36	cell = 880 to 887
-24	4	-4	46	-21	12	4	-13	cell = 888 to 895
-54	-6	-25	-28	-51	-20	-30	-10	cell = 896 to 903
0	-17	2	-39	-51	-18	-7	-72	cell = 904 to 911
-16	-18	40	-10	2	-10	-2	-46	cell = 912 to 919
-27	6	-2	24	21	-36	7	-10	cell = 920 to 927
3	-15	-27	-35	-16	3	-13	-29	cell = 928 to 935
-35	-29	-30	-37	-35	-8	-25	-26	cell = 936 to 943
7	14	-23	-33	-28	-7	1	-57	cell = 944 to 951
-44	-45	-18	-32	-21	-11	-25	-10	cell = 952 to 959
-5	-26	-14	-30	0	-37	35	14	cell = 960 to 967
-5	-42	-10	-34	-8	-34	-12	-33	cell = 968 to 975
28	-24	-26	22	-28	-26	-10	-18	cell = 976 to 983
-28	-41	-27	-23	-63	1	-15	-17	cell = 984 to 991
1	-24	-42	-19	6	2	-11	-22	cell = 992 to 999
-38	-26	-12	0	-49	-18	7	-26	cell = 1000 to 1007
-27	0	-63	-58	-47	-30	-25	-66	cell = 1008 to 1015
-19	-31	-10	-36	-22	-15	-43	-40	cell = 1016 to 1023
Calibration values from cell 0 to 1024 for channel 2:

35	-11	35	-7	43	2	67	-4	cell = 0 to 7
47	-22	61	40	73	15	-10	27	cell = 8 to 15
75	4	60	18	19	-17	59	-22	cell = 16 to 23
40	12	41	-15	15	-30	5	-46	cell = 24 to 31
40	8	21	38	42	-26	63	-23	cell = 32 to 39
6	4	40	8	15	-24	42	1	cell = 40 to 47
39	12	62	28	39	-5	49	51	cell = 48 to 55
8	-17	53	13	39	-30	25	-2	cell = 56 to 63
58	-26	47	-15	39	-5	59	-4	cell = 64 to 71
24	30	58	-42	37	1	13	27	cell = 72 to 79
54	-22	-3	-50	75	-35	27	-28	cell = 80 to 87
20	-38	9	10	59	-5	45	-59	cell = 88 to 95
59	12	72	5	80	10	51	-18	cell = 96 to 103
37	-10	52	-4	44	19	31	-8	cell = 104 to 111
11	-15	-2	12	33	-40	50	11	cell = 112 to 119
94	14	4	0	32	6	13	0	cell = 120 to 127
46	-31	-6	-9	54	-16	8	-38	cell = 128 to 135
54	5	78	34	50	-20	22	-10	cell = 136 to 143
49	-29	58	25	49	-3	72	18	cell = 144 to 151
73	-19	50	5	48	16	51	37	cell = 152 to 159
32	-12	32	0	43	24	48	-23	cell = 160 to 167
43	-9	31	-3	28	-17	55	36	cell = 168 to 175
55	-8	41	17	35	15	36	0	cell = 176 to 183
21	-28	53	-4	43	7	34	-39	cell = 184 to 191
34	-28	65	11	30	-24	21	30	cell = 192 to 199
64	-18	29	-7	36	-42	35	-19	cell = 200 to 207
43	28	53	19	30	-6	64	-21	cell = 208 to 215
53	6	28	-4	6	2	35	-21	cell = 216 to 223
28	-8	71	10	50	-4	54	-19	cell = 224 to 231
38	7	39	-24	50	-49	27	29	cell = 232 to 239
40	-22	72	-3	43	-5	65	-14	cell = 240 to 247
39	-43	45	-28	50	-9	20	-43	cell = 248 to 255
76	-18	70	2	25	-40	100	-2	cell = 256 to 263
12	-3	72	23	74	6	-9	-1	cell = 264 to 271
68	7	41	-28	-27	-12	60	12	cell = 272 to 279
32	-11	25	-21	35	5	79	5	cell = 280 to 287
45	-2	11	11	48	-15	38	2	cell = 288 to 295
47	18	61	16	30	45	14	-6	cell = 296 to 303
69	-23	6	29	57	-13	93	-8	cell = 304 to 311
83	1	16	32	25	-26	4	8	cell = 312 to 319
36	4	33	-7	42	29	19	-16	cell = 320 to 327
52	15	16	31	20	14	63	24	cell = 328 to 335
77	-20	37	22	57	-12	53	-38	cell = 336 to 343
42	2	-21	29	21	0	0	-5	cell = 344 to 351
32	-14	18	-19	9	2	33	22	cell = 352 to 359
93	-28	8	-24	65	-9	65	-24	cell = 360 to 367
56	-9	76	-7	69	-12	1	0	cell = 368 to 375
57	-32	39	29	-5	23	25	-8	cell = 376 to 383
39	-20	23	-17	59	-10	57	-2	cell = 384 to 391
25	-32	43	-6	71	-27	79	-13	cell = 392 to 399
46	-2	56	-25	50	17	25	-22	cell = 400 to 407
22	-22	0	-13	42	-26	38	-13	cell = 408 to 415
7	32	4	-37	19	-14	39	-7	cell = 416 to 423
83	12	56	12	12	-4	43	27	cell = 424 to 431
68	-3	36	4	54	20	-4	-1	cell = 432 to 439
3	-14	57	7	41	-12	43	-1	cell = 440 to 447
36	-15	17	-2	65	6	3	32	cell = 448 to 455
38	-2	16	22	59	5	13	-10	cell = 456 to 463
19	-10	45	-4	-2	18	6	1	cell = 464 to 471
49	-7	20	7	90	-26	55	-11	cell = 472 to 479
10	10	25	3	36	-16	41	2	cell = 480 to 487
43	-7	35	5	37	-1	25	-5	cell = 488 to 495
18	16	-50	-52	-25	-39	-22	-59	cell = 496 to 503
30	-23	53	2	61	-15	22	-36	cell = 504 to 511
-8	-22	-31	-55	-8	-5	-22	-30	cell = 512 to 519
-33	0	-5	-14	-36	3	-20	-25	cell = 520 to 527
-11	-18	-7	9	-27	-24	-23	-29	cell = 528 to 535
-35	0	22	-39	-61	-55	-25	-36	cell = 536 to 543
-58	-47	-26	1	-39	18	11	-37	cell = 544 to 551
-19	6	-18	-13	-27	17	-41	-8	cell = 552 to 559
-19	-28	-8	-32	-38	-4	-26	-46	cell = 560 to 567
-19	-12	-20	-22	-3	-9	-4	6	cell = 568 to 575
-44	-34	-31	9	-12	10	-3	2	cell = 576 to 583
-9	-23	-2	-7	-25	-25	-47	-32	cell = 584 to 591
-30	-4	-21	-24	-13	1	-16	-40	cell = 592 to 599
2	-23	-15	8	-46	-27	-61	-20	cell = 600 to 607
-46	-30	-38	-15	-14	12	0	-30	cell = 608 to 615
24	-34	-3	-22	-39	-9	-22	12	cell = 616 to 623
-46	-12	-32	-7	-23	-26	15	14	cell = 624 to 631
-49	-16	-20	-43	6	-16	3	-45	cell = 632 to 639
-42	-22	-44	-26	-32	-2	4	-4	cell = 640 to 647
-2	-18	-29	-14	-22	9	-28	-25	cell = 648 to 655
-19	1	-36	-22	12	8	-51	-16	cell = 656 to 663
-15	-21	-23	-49	-38	1	-44	5	cell = 664 to 671
-4	-27	2	-19	8	5	-12	-22	cell = 672 to 679
10	-10	-13	17	-29	-6	-30	-36	cell = 680 to 687
-44	-2	-6	9	8	-18	-19	-21	cell = 688 to 695
15	12	-55	-29	-23	12	-4	-56	cell = 696 to 703
-20	28	1	-11	-38	-18	-29	-5	cell = 704 to 711
-23	-5	35	-58	-29	7	-7	-44	cell = 712 to 719
-33	5	-7	-1	-57	-7	-1	17	cell = 720 to 727
10	-40	2	-39	-44	-17	4	-42	cell = 728 to 735
-14	-47	-54	10	-65	15	16	-8	cell = 736 to 743
-44	-11	-48	-19	-40	13	-32	-29	cell = 744 to 751
-6	-17	-35	-55	-17	-34	8	-45	cell = 752 to 759
-12	4	-44	10	-18	0	-54	-43	cell = 760 to 767
-2	-64	-47	-21	-20	-29	-17	-32	cell = 768 to 775
-41	-3	-50	9	-3	-20	-45	-2	cell = 776 to 783
-18	-34	-57	-10	-10	-22	-13	-7	cell = 784 to 791
3	-4	-14	-4	-28	-19	2	-33	cell = 792 to 799
-31	-58	-61	-15	-42	-9	-14	-2	cell = 800 to 807
-22	-9	0	-57	-11	-11	7	3	cell = 808 to 815
-67	24	-5	-16	-55	-25	-14	5	cell = 816 to 823
-35	10	17	-31	-41	5	13	-22	cell = 824 to 831
-52	6	-20	7	-20	-54	-19	-35	cell = 832 to 839
-67	-12	27	-13	-32	-50	-45	-18	cell = 840 to 847
6	-8	18	-9	-63	-23	-33	-22	cell = 848 to 855
-20	7	22	-4	-25	-51	-51	-4	cell = 856 to 863
-26	-11	-34	-9	-35	-2	-10	14	cell = 864 to 871
-11	-2	-42	-31	-30	-4	-35	11	cell = 872 to 879
-19	-12	-62	9	-29	7	-27	-6	cell = 880 to 887
-28	-41	-41	-13	-46	-26	15	-10	cell = 888 to 895
-31	0	-32	-33	-9	-38	-11	9	cell = 896 to 903
17	-14	-25	3	-12	-11	34	-4	cell = 904 to 911
-7	-42	-6	7	-34	22	-18	1	cell = 912 to 919
-52	44	14	-6	-29	-5	-43	-25	cell = 920 to 927
7	-21	-8	-22	6	30	-23	0	cell = 928 to 935
-24	-48	-46	2	4	-27	-33	7	cell = 936 to 943
-20	-6	-27	-20	-24	-25	-29	-16	cell = 944 to 951
-33	-30	-41	41	-20	-12	-41	-41	cell = 952 to 959
-28	-5	-34	-11	-57	-27	-9	-11	cell = 960 to 967
-24	-18	-26	-3	-21	-32	7	-15	cell = 968 to 975
8	11	9	-20	-42	-17	20	26	cell = 976 to 983
-2	-41	8	28	-42	2	-34	-32	cell = 984 to 991
-33	-13	16	29	11	-13	-16	-4	cell = 992 to 999
21	10	-31	-14	-8	10	-29	-10	cell = 1000 to 1007
-48	22	-20	-50	-20	31	-15	-35	cell = 1008 to 1015
-18	8	-26	-33	-37	-33	-33	-10	cell = 1016 to 1023
Calibration values from cell 0 to 1024 for channel 3:

0	1	73	10	42	-23	65	-13	cell = 0 to 7
36	5	29	-10	36	1	27	-2	cell = 8 to 15
72	-6	21	-7	15	-12	39	-8	cell = 16 to 23
46	-16	35	-26	40	-15	26	28	cell = 24 to 31
79	-37	21	42	47	-15	41	-43	cell = 32 to 39
27	5	49	-4	35	-36	19	-8	cell = 40 to 47
31	3	37	17	68	6	24	-17	cell = 48 to 55
73	-14	26	-19	14	-35	55	-21	cell = 56 to 63
40	38	42	-8	64	-5	37	8	cell = 64 to 71
28	-59	0	-19	47	-8	33	-12	cell = 72 to 79
90	25	21	-23	11	-10	42	2	cell = 80 to 87
87	-9	9	-25	23	-20	10	-11	cell = 88 to 95
45	21	17	-46	13	41	41	2	cell = 96 to 103
77	14	31	19	60	22	17	-3	cell = 104 to 111
25	12	55	-12	59	-19	46	-13	cell = 112 to 119
41	-5	68	15	58	-11	34	-22	cell = 120 to 127
49	23	2	-19	68	1	59	76	cell = 128 to 135
36	-3	71	20	53	41	35	-20	cell = 136 to 143
35	36	31	-22	58	21	-6	-12	cell = 144 to 151
18	16	38	-34	11	-3	28	-6	cell = 152 to 159
17	12	16	8	30	15	53	-11	cell = 160 to 167
58	28	32	-10	35	-39	29	-45	cell = 168 to 175
52	-31	19	-18	50	-20	17	-12	cell = 176 to 183
59	-14	39	14	26	46	14	-35	cell = 184 to 191
68	-20	32	24	31	-7	44	12	cell = 192 to 199
40	-4	44	-21	19	-17	48	27	cell = 200 to 207
57	24	33	8	17	-28	35	44	cell = 208 to 215
49	-26	51	-19	66	-15	53	-13	cell = 216 to 223
53	24	11	28	59	-54	50	-10	cell = 224 to 231
63	-5	48	1	65	9	39	-4	cell = 232 to 239
62	-2	22	-48	45	1	36	3	cell = 240 to 247
25	-42	52	-15	34	-14	58	-37	cell = 248 to 255
26	13	40	-6	64	5	-2	-4	cell = 256 to 263
38	-19	36	25	74	13	45	8	cell = 264 to 271
17	22	6	27	55	11	54	13	cell = 272 to 279
36	29	7	-23	31	-9	28	38	cell = 280 to 287
15	-9	59	7	20	-22	47	-33	cell = 288 to 295
20	-13	38	-4	42	1	47	-25	cell = 296 to 303
23	6	20	22	57	-13	40	13	cell = 304 to 311
61	-13	39	-28	44	-5	48	-22	cell = 312 to 319
7	-6	54	9	60	-3	-12	2	cell = 320 to 327
60	11	51	-16	72	-7	68	-33	cell = 328 to 335
30	4	38	27	-6	18	43	-16	cell = 336 to 343
80	-15	57	17	30	-10	69	-10	cell = 344 to 351
67	-16	-10	-4	42	-1	63	-12	cell = 352 to 359
46	-33	51	26	60	-13	80	19	cell = 360 to 367
63	-12	8	-36	64	-1	39	-13	cell = 368 to 375
42	-1	38	-12	37	-27	3	-42	cell = 376 to 383
22	18	54	-7	39	60	-1	35	cell = 384 to 391
18	11	40	6	62	3	61	8	cell = 392 to 399
19	-1	53	14	29	-29	40	-5	cell = 400 to 407
72	30	49	37	44	-5	14	-33	cell = 408 to 415
24	13	63	28	26	-50	52	30	cell = 416 to 423
36	5	34	-20	56	-11	44	-18	cell = 424 to 431
35	-17	58	-10	34	-2	44	24	cell = 432 to 439
83	-34	37	19	31	-7	26	-15	cell = 440 to 447
43	-1	57	-18	41	20	2	31	cell = 448 to 455
48	-45	27	-20	70	9	26	-4	cell = 456 to 463
64	-36	26	-2	58	7	57	-30	cell = 464 to 471
16	1	65	2	42	-22	32	-38	cell = 472 to 479
5	3	35	8	61	-25	72	9	cell = 480 to 487
11	-25	22	1	54	-10	22	-12	cell = 488 to 495
72	-20	-48	-96	18	-95	3	-71	cell = 496 to 503
10	-47	71	-13	24	-29	16	-16	cell = 504 to 511
-19	-8	-18	-32	-7	6	-12	-1	cell = 512 to 519
-46	-17	1	18	-8	3	5	-41	cell = 520 to 527
-52	-8	2	-24	-38	3	-23	-9	cell = 528 to 535
-56	-40	-26	6	-42	10	-31	-38	cell = 536 to 543
-23	-6	-16	-31	-15	-11	-5	-34	cell = 544 to 551
7	7	-38	-18	-21	-12	-14	-17	cell = 552 to 559
-68	-6	2	-13	5	-18	-45	-31	cell = 560 to 567
-44	6	-27	-25	-57	-23	-31	-39	cell = 568 to 575
-29	-12	-29	-12	-17	-6	-64	-17	cell = 576 to 583
-13	-3	-33	28	-18	-28	-5	2	cell = 584 to 591
19	-54	-4	-27	-7	-15	-39	-38	cell = 592 to 599
-41	-20	0	13	-59	16	-45	-38	cell = 600 to 607
-48	-22	-35	-12	25	-15	-13	-4	cell = 608 to 615
-2	-14	-8	-53	-19	-18	0	-35	cell = 616 to 623
28	-51	6	-12	-27	9	-20	7	cell = 624 to 631
-28	-5	-56	-24	-52	-30	-13	-31	cell = 632 to 639
-22	-36	-22	-20	-32	-20	8	-77	cell = 640 to 647
4	4	-26	-22	-33	-6	-17	4	cell = 648 to 655
-16	-9	-23	-24	-24	-25	-41	-39	cell = 656 to 663
-15	-25	-13	-29	-51	-33	-34	12	cell = 664 to 671
-32	-29	-55	-9	-47	-59	-14	-33	cell = 672 to 679
-7	-26	-64	-7	-23	-1	-37	-13	cell = 680 to 687
-33	-7	-37	-9	-9	3	-29	-18	cell = 688 to 695
-29	-35	-37	0	-7	-15	-18	15	cell = 696 to 703
-53	-36	-41	-16	-37	-10	-15	17	cell = 704 to 711
-14	-6	2	-7	-25	-6	21	-7	cell = 712 to 719
0	-5	-41	-40	-23	-53	-10	-18	cell = 720 to 727
-19	-20	-33	-23	-9	-11	-23	-25	cell = 728 to 735
-11	6	-22	-13	-13	17	-7	-29	cell = 736 to 743
-2	-27	-21	-8	-42	3	-20	15	cell = 744 to 751
-13	0	-9	2	-30	3	-33	11	cell = 752 to 759
3	-39	-33	-13	-5	8	-26	-30	cell = 760 to 767
-47	-18	-22	-40	-20	-9	-42	-31	cell = 768 to 775
-35	-28	20	-14	-20	7	17	-25	cell = 776 to 783
-31	-33	-41	15	-14	-17	-16	7	cell = 784 to 791
1	4	23	-27	-3	26	-29	-7	cell = 792 to 799
-34	-43	-38	-18	6	28	-24	1	cell = 800 to 807
-38	32	0	-35	-30	-24	-25	-14	cell = 808 to 815
-46	-14	-25	-9	-41	-19	-7	5	cell = 816 to 823
-29	-29	15	16	-23	-40	-18	25	cell = 824 to 831
-7	1	7	-20	-16	-37	-19	15	cell = 832 to 839
4	-46	-57	18	-31	8	13	-24	cell = 840 to 847
8	-17	0	-3	5	-3	2	-9	cell = 848 to 855
2	-23	2	-16	-39	23	24	0	cell = 856 to 863
-19	-25	11	-14	-16	-2	-59	14	cell = 864 to 871
-18	-31	1	-20	-34	-5	-4	-37	cell = 872 to 879
10	-53	-24	-1	2	-43	-8	16	cell = 880 to 887
12	-25	-34	-23	-15	-17	-6	13	cell = 888 to 895
-15	-40	0	-40	-8	-32	27	17	cell = 896 to 903
-9	-10	1	19	-45	-4	-12	-40	cell = 904 to 911
-20	7	-27	-37	-27	-33	-22	-5	cell = 912 to 919
-30	-10	10	-20	-28	-25	-24	-26	cell = 920 to 927
-17	-42	-51	-11	-12	30	-57	-8	cell = 928 to 935
-5	1	2	-22	-24	3	7	-48	cell = 936 to 943
7	-16	-11	-28	-23	-9	-47	9	cell = 944 to 951
-41	-26	-54	-5	-14	9	-49	-3	cell = 952 to 959
-33	-34	-53	-36	-30	11	-6	21	cell = 960 to 967
-32	22	0	-45	-39	-1	-32	25	cell = 968 to 975
0	-26	-22	-25	-47	-3	-30	5	cell = 976 to 983
-14	-11	-29	30	-3	-25	-36	4	cell = 984 to 991
-19	-13	-44	33	0	-37	10	-49	cell = 992 to 999
-53	-5	4	-27	1	-43	17	-35	cell = 1000 to 1007
-12	-58	-29	-59	-54	13	-44	-13	cell = 1008 to 1015
-42	-6	-42	-60	-24	-33	-22	-20	cell = 1016 to 1023
Calibration values from cell 0 to 1024 for channel 4:

41	-57	39	-4	84	14	23	-8	cell = 0 to 7
-2	-31	45	31	66	23	51	21	cell = 8 to 15
47	7	76	2	58	14	31	11	cell = 16 to 23
50	-7	32	-4	58	15	65	-6	cell = 24 to 31
26	-16	30	12	54	-2	12	-8	cell = 32 to 39
77	-21	34	34	40	26	37	-16	cell = 40 to 47
63	-2	52	-13	9	-13	16	-34	cell = 48 to 55
55	22	54	8	43	-31	62	2	cell = 56 to 63
47	-31	18	0	21	-12	9	1	cell = 64 to 71
37	-22	74	22	52	5	57	10	cell = 72 to 79
63	-31	43	-8	57	-19	55	-16	cell = 80 to 87
35	38	56	-27	-6	-12	58	-1	cell = 88 to 95
49	13	33	22	69	3	19	40	cell = 96 to 103
48	-7	72	-20	51	-7	65	-18	cell = 104 to 111
82	-10	43	-4	50	-9	32	-15	cell = 112 to 119
52	-7	64	5	33	-3	-6	-4	cell = 120 to 127
95	-17	49	-3	83	23	40	20	cell = 128 to 135
35	35	47	35	39	27	-3	-6	cell = 136 to 143
97	18	5	18	85	-16	20	7	cell = 144 to 151
25	26	64	3	44	-23	64	22	cell = 152 to 159
24	23	30	6	55	-17	37	-6	cell = 160 to 167
72	-2	26	39	46	-4	69	-9	cell = 168 to 175
76	-33	75	-11	39	13	36	9	cell = 176 to 183
84	-1	50	19	33	-22	27	-11	cell = 184 to 191
59	3	37	-26	52	-34	40	-3	cell = 192 to 199
43	19	43	4	72	-2	54	20	cell = 200 to 207
20	4	66	-3	40	16	12	-9	cell = 208 to 215
39	0	-2	-2	73	-14	25	33	cell = 216 to 223
39	23	42	2	72	-31	46	22	cell = 224 to 231
30	-48	41	-27	71	-21	11	-14	cell = 232 to 239
34	5	31	28	39	33	45	2	cell = 240 to 247
48	-2	1	-1	8	-38	23	5	cell = 248 to 255
24	11	46	-5	37	8	28	27	cell = 256 to 263
59	-13	54	-2	42	14	57	-51	cell = 264 to 271
76	-35	28	0	23	-28	49	-58	cell = 272 to 279
45	14	44	30	46	5	55	6	cell = 280 to 287
33	-16	23	-8	40	2	97	2	cell = 288 to 295
70	-41	9	0	57	-50	32	-24	cell = 296 to 303
15	-23	12	9	9	13	81	16	cell = 304 to 311
36	-29	32	-7	37	29	46	-4	cell = 312 to 319
59	1	68	-14	37	-15	63	5	cell = 320 to 327
43	-3	32	50	48	-27	18	-28	cell = 328 to 335
60	-20	43	-15	13	-3	36	52	cell = 336 to 343
32	-37	4	1	60	10	31	-6	cell = 344 to 351
73	-43	52	18	20	-25	26	-7	cell = 352 to 359
40	-10	64	2	50	-31	30	-17	cell = 360 to 367
81	-22	61	-29	29	0	79	-13	cell = 368 to 375
52	7	15	30	28	-15	53	-19	cell = 376 to 383
0	-26	0	-14	39	-50	46	3	cell = 384 to 391
7	-9	64	-7	29	19	33	-6	cell = 392 to 399
60	1	38	14	30	53	29	15	cell = 400 to 407
28	-3	26	-18	36	-4	54	0	cell = 408 to 415
38	1	59	2	49	-6	46	-24	cell = 416 to 423
31	13	35	14	39	-24	39	7	cell = 424 to 431
31	32	77	-13	47	-15	45	-9	cell = 432 to 439
38	-38	31	11	41	-10	47	4	cell = 440 to 447
23	-31	65	3	23	40	96	9	cell = 448 to 455
55	8	57	-6	19	-58	64	7	cell = 456 to 463
30	1	26	-22	49	21	40	-1	cell = 464 to 471
50	-32	47	-4	10	-42	40	1	cell = 472 to 479
36	0	73	-26	21	-19	39	3	cell = 480 to 487
55	5	35	11	29	-6	15	-19	cell = 488 to 495
8	-12	-44	-82	-32	-75	-7	-17	cell = 496 to 503
30	-50	48	-17	11	4	24	14	cell = 504 to 511
-4	-28	-74	-43	-1	-27	-16	4	cell = 512 to 519
-28	7	-36	-46	-56	-2	-46	-27	cell = 520 to 527
-33	0	-21	-19	-21	-17	-63	-6	cell = 528 to 535
-38	-23	-30	-22	-39	-68	-1	-13	cell = 536 to 543
-34	-36	-30	-7	-39	-10	-51	-16	cell = 544 to 551
-56	-2	5	-35	-28	6	-35	14	cell = 552 to 559
-25	-5	-21	-26	-39	-28	-12	5	cell = 560 to 567
-6	-20	-21	-6	2	-43	-40	-54	cell = 568 to 575
-34	-6	-7	-5	-40	-19	-2	-12	cell = 576 to 583
-4	-15	25	-53	-27	-36	10	-7	cell = 584 to 591
-18	-34	-6	-42	20	-24	-23	-7	cell = 592 to 599
-5	-4	1	-2	-7	-13	-5	-12	cell = 600 to 607
-50	25	-67	-16	-26	7	-18	8	cell = 608 to 615
-17	-23	-33	-33	-39	-14	-10	-14	cell = 616 to 623
4	-25	-27	-23	-21	15	-49	-56	cell = 624 to 631
-29	-16	-26	-24	-51	-36	-13	-48	cell = 632 to 639
-23	0	-16	-40	-1	-5	0	28	cell = 640 to 647
-42	-32	-39	-16	-61	-21	-4	-4	cell = 648 to 655
4	-32	-35	26	-32	-33	-25	-26	cell = 656 to 663
-13	-41	-50	-41	-16	17	-3	-27	cell = 664 to 671
-86	-32	-11	-27	-24	-21	-29	2	cell = 672 to 679
-38	-20	-42	-43	9	-20	8	-37	cell = 680 to 687
6	-23	-10	-28	-27	-52	-23	-18	cell = 688 to 695
-16	14	12	-55	-62	-8	-21	-17	cell = 696 to 703
-1	11	-1	-63	-13	-21	-13	-11	cell = 704 to 711
-46	-10	-51	12	-33	-43	0	-38	cell = 712 to 719
-13	21	-22	-7	-35	-40	-37	-24	cell = 720 to 727
-35	13	5	-10	17	-18	-15	-17	cell = 728 to 735
-56	-17	7	-17	6	-31	-8	-15	cell = 736 to 743
-38	9	-10	-26	-11	-19	-59	0	cell = 744 to 751
-13	-18	-38	-46	-17	-9	1	20	cell = 752 to 759
14	-6	1	-41	-9	-26	-32	-16	cell = 760 to 767
-68	-12	-25	-27	-33	-9	-4	-5	cell = 768 to 775
-53	-16	-18	-30	-7	-21	28	28	cell = 776 to 783
-21	13	-19	0	12	-13	-50	-15	cell = 784 to 791
-25	-16	-29	1	-19	-42	-13	-40	cell = 792 to 799
-31	-37	-17	-40	-35	-13	-13	5	cell = 800 to 807
-25	-11	-10	-21	-38	16	-14	39	cell = 808 to 815
-17	-9	-15	-1	-37	-25	-36	-4	cell = 816 to 823
-63	-8	-31	-26	-20	0	-20	-29	cell = 824 to 831
-46	-30	6	-42	-38	-19	-35	-41	cell = 832 to 839
-16	-4	5	-16	-8	18	7	-66	cell = 840 to 847
7	22	26	6	-2	-9	-38	-27	cell = 848 to 855
-15	-44	-17	-5	-12	-65	-53	7	cell = 856 to 863
-20	-21	-12	-11	-18	-33	23	-33	cell = 864 to 871
-20	-25	-12	-37	28	-9	-10	-47	cell = 872 to 879
-27	-55	-31	-6	-3	-36	-63	-17	cell = 880 to 887
-19	11	-10	3	-18	-40	-68	-38	cell = 888 to 895
-44	22	-40	21	-21	18	-58	-4	cell = 896 to 903
-4	1	-35	-9	-45	-17	-17	-8	cell = 904 to 911
-30	-19	6	-33	15	-10	-33	-21	cell = 912 to 919
-22	35	-30	-4	-8	-39	-48	-18	cell = 920 to 927
-22	-36	-39	-33	-10	-17	-19	-12	cell = 928 to 935
-16	2	-6	-6	-13	10	-16	-15	cell = 936 to 943
-32	7	-37	-16	-14	14	-42	-7	cell = 944 to 951
-9	4	0	7	-31	-30	-27	-47	cell = 952 to 959
-28	6	-62	-20	-23	-12	-25	-24	cell = 960 to 967
-29	-21	-21	-4	-2	-30	-23	-22	cell = 968 to 975
-22	10	3	9	-13	-16	21	-11	cell = 976 to 983
-7	47	-6	-28	-20	-46	-2	-25	cell = 984 to 991
-67	2	-40	-4	-46	-4	-30	-35	cell = 992 to 999
-48	-16	-29	11	-40	-5	-33	5	cell = 1000 to 1007
-32	-26	11	-46	-10	-14	-12	-51	cell = 1008 to 1015
-32	18	-33	-11	-43	-12	-10	-26	cell = 1016 to 1023
Calibration values from cell 0 to 1024 for channel 5:

41	-2	32	-42	75	-22	43	-30	cell = 0 to 7
59	-13	57	-8	37	-50	40	-37	cell = 8 to 15
70	-26	34	16	46	-43	33	33	cell = 16 to 23
40	21	44	8	9	-17	48	23	cell = 24 to 31
61	-30	35	-36	20	-2	43	-18	cell = 32 to 39
40	1	-14	-1	58	4	46	-14	cell = 40 to 47
37	9	51	14	67	2	24	20	cell = 48 to 55
9	-31	43	0	32	14	39	3	cell = 56 to 63
48	14	27	3	16	34	85	21	cell = 64 to 71
34	24	36	47	46	-36	75	22	cell = 72 to 79
41	-15	31	26	65	-22	46	15	cell = 80 to 87
58	3	50	-8	0	3	37	-18	cell = 88 to 95
36	-19	11	41	53	-10	52	-40	cell = 96 to 103
40	-7	59	7	41	10	36	-49	cell = 104 to 111
14	-27	9	23	60	-28	47	-10	cell = 112 to 119
35	-21	3	-11	70	25	-5	-10	cell = 120 to 127
65	-6	41	-15	8	27	72	24	cell = 128 to 135
38	6	40	30	68	-19	30	-33	cell = 136 to 143
19	1	51	9	69	-21	31	-7	cell = 144 to 151
47	0	10	-19	17	8	13	4	cell = 152 to 159
39	2	19	6	34	-12	43	-30	cell = 160 to 167
54	-19	34	-5	20	-42	69	23	cell = 168 to 175
23	21	47	-4	17	-13	31	37	cell = 176 to 183
17	-11	-24	-16	36	-42	33	-26	cell = 184 to 191
43	-22	39	-20	41	-13	31	5	cell = 192 to 199
6	-10	62	-3	14	11	28	10	cell = 200 to 207
63	-12	57	18	96	-31	86	-18	cell = 208 to 215
43	6	70	18	50	14	76	7	cell = 216 to 223
15	-32	35	-3	43	15	49	10	cell = 224 to 231
8	-40	40	-2	38	-20	29	21	cell = 232 to 239
66	-17	40	11	49	-7	37	-6	cell = 240 to 247
37	15	5	4	21	0	25	-1	cell = 248 to 255
61	-16	25	-21	63	15	18	28	cell = 256 to 263
38	6	3	-2	51	-30	36	-5	cell = 264 to 271
67	-10	41	40	23	-8	69	19	cell = 272 to 279
40	4	71	-9	38	16	7	-13	cell = 280 to 287
46	-8	44	-27	58	3	74	-22	cell = 288 to 295
29	-14	2	9	39	-21	54	9	cell = 296 to 303
50	7	44	0	28	-19	29	12	cell = 304 to 311
59	-7	61	-43	62	-26	91	-7	cell = 312 to 319
37	-20	30	-13	53	-26	70	-17	cell = 320 to 327
48	-16	82	14	52	7	50	-8	cell = 328 to 335
80	-35	39	7	33	21	58	10	cell = 336 to 343
38	9	41	-52	55	14	24	-29	cell = 344 to 351
68	14	36	26	27	-25	-16	2	cell = 352 to 359
46	-13	67	21	36	-3	60	-20	cell = 360 to 367
89	2	17	-25	41	21	30	-23	cell = 368 to 375
44	-25	8	-59	38	1	38	10	cell = 376 to 383
44	-30	18	-14	21	19	48	-3	cell = 384 to 391
48	25	25	-10	34	23	18	8	cell = 392 to 399
66	-2	66	24	66	-4	56	-4	cell = 400 to 407
84	28	30	-31	37	-64	22	-25	cell = 408 to 415
70	-32	70	3	5	-19	44	9	cell = 416 to 423
56	-25	45	1	20	-35	40	-52	cell = 424 to 431
63	-11	25	24	26	-5	44	9	cell = 432 to 439
63	-3	7	-10	41	-22	21	-34	cell = 440 to 447
41	-18	30	1	27	23	32	-10	cell = 448 to 455
50	14	37	13	34	-36	39	-20	cell = 456 to 463
12	16	48	-4	35	27	16	27	cell = 464 to 471
38	11	97	-13	16	1	46	-16	cell = 472 to 479
33	-8	40	-15	43	-3	27	49	cell = 480 to 487
34	-21	46	-2	40	2	2	-14	cell = 488 to 495
9	12	-45	-87	-72	-70	-3	-100	cell = 496 to 503
27	-3	35	-17	41	-32	32	-20	cell = 504 to 511
-30	6	-21	-9	6	-9	-20	-27	cell = 512 to 519
-12	-10	-36	-18	-39	-27	-27	-9	cell = 520 to 527
25	-16	5	-13	-33	-6	18	-29	cell = 528 to 535
18	-9	-56	-33	-30	-20	-13	-19	cell = 536 to 543
-2	5	-4	-9	-3	-35	-7	9	cell = 544 to 551
0	-44	-41	3	-23	1	9	-26	cell = 552 to 559
-24	-11	-13	-38	-10	-36	11	-14	cell = 560 to 567
-41	-16	-23	-18	-12	-54	-5	-21	cell = 568 to 575
-8	-10	-22	-24	16	-4	-22	10	cell = 576 to 583
-70	-32	-28	27	-13	4	-5	-51	cell = 584 to 591
5	-4	-39	-9	-12	-42	24	-21	cell = 592 to 599
-59	-16	-45	-17	-16	9	15	-31	cell = 600 to 607
-16	-27	-20	-2	-26	-17	-29	-46	cell = 608 to 615
-44	5	-16	-3	-50	-12	-43	-20	cell = 616 to 623
-8	17	11	-2	-7	-6	-4	-40	cell = 624 to 631
-17	18	-10	22	-29	-44	-28	21	cell = 632 to 639
-31	-13	-55	-28	-15	12	18	19	cell = 640 to 647
0	-41	0	-9	-29	1	-30	-28	cell = 648 to 655
-18	-36	-26	-4	-11	28	-22	-12	cell = 656 to 663
-41	-9	-27	-18	-3	-14	-13	-39	cell = 664 to 671
8	17	-18	-18	-30	-37	13	-29	cell = 672 to 679
-34	-8	-51	-87	-36	-8	21	-30	cell = 680 to 687
-42	-5	14	-3	-17	-43	-10	-21	cell = 688 to 695
8	-20	-5	-61	-65	-5	-19	-7	cell = 696 to 703
-54	6	-26	-35	-40	-21	-46	-29	cell = 704 to 711
-11	-67	-31	-13	-62	2	-16	37	cell = 712 to 719
-26	-3	19	-6	-17	-10	1	-31	cell = 720 to 727
-43	11	-40	-2	-37	-38	-24	-13	cell = 728 to 735
-34	21	5	-39	-3	-9	-54	-19	cell = 736 to 743
-61	-7	13	-2	-69	-29	4	22	cell = 744 to 751
-32	-1	-51	-38	-8	4	-19	26	cell = 752 to 759
-13	36	23	2	-32	-27	-2	-33	cell = 760 to 767
-1	5	-23	-30	-11	-10	14	2	cell = 768 to 775
14	-66	-5	-17	-62	25	-11	-16	cell = 776 to 783
18	-28	-9	-24	10	-45	-39	-71	cell = 784 to 791
-48	-40	-33	13	-27	-43	-10	-16	cell = 792 to 799
-46	-9	-28	3	-48	-3	-40	27	cell = 800 to 807
-5	-22	-8	-45	-21	5	-37	11	cell = 808 to 815
-50	-3	-12	20	-13	27	-7	14	cell = 816 to 823
-21	-36	20	-27	-2	-24	-28	-34	cell = 824 to 831
6	-49	-17	-27	18	-13	-35	-29	cell = 832 to 839
-46	2	-53	-16	-43	-13	20	-44	cell = 840 to 847
-19	-17	-17	-4	-43	-14	-30	-59	cell = 848 to 855
-62	-13	-3	-23	-57	-7	-7	-19	cell = 856 to 863
-11	-18	2	-44	-12	15	39	-16	cell = 864 to 871
-52	-34	10	-13	-28	-35	1	-6	cell = 872 to 879
-1	17	9	-3	-26	-4	24	30	cell = 880 to 887
-15	-46	-15	-32	-28	-14	-71	0	cell = 888 to 895
-35	-29	-11	-25	-47	4	3	-28	cell = 896 to 903
-24	-17	-5	-20	-83	8	-42	8	cell = 904 to 911
-6	7	4	-25	-31	-21	-1	-28	cell = 912 to 919
-15	2	1	-35	-34	-26	-3	-23	cell = 920 to 927
-21	-12	-29	-38	-35	-17	17	-22	cell = 928 to 935
-5	-24	-43	-49	-18	-26	-21	-26	cell = 936 to 943
-9	-23	-27	9	10	2	11	-21	cell = 944 to 951
4	-25	-16	-25	-29	-40	-14	-52	cell = 952 to 959
6	-3	1	12	-31	8	-54	-2	cell = 960 to 967
-20	-44	-27	-15	-12	-7	-45	26	cell = 968 to 975
-21	-17	-18	-23	-10	0	-42	-41	cell = 976 to 983
-41	27	0	-36	-17	-10	-2	4	cell = 984 to 991
-27	-21	-14	-2	5	-16	46	-47	cell = 992 to 999
-38	12	-30	10	-48	18	-8	-10	cell = 1000 to 1007
-20	-1	-13	-61	-37	-62	-42	-12	cell = 1008 to 1015
-27	-8	-4	-61	-3	-7	-24	-44	cell = 1016 to 1023
Calibration values from cell 0 to 1024 for channel 6:

34	-18	8	-13	38	-19	35	-21	cell = 0 to 7
47	-11	33	14	33	-26	71	-9	cell = 8 to 15
68	-11	29	-14	43	-4	18	29	cell = 16 to 23
48	-5	34	-21	53	-4	35	-14	cell = 24 to 31
57	-6	35	4	44	-11	30	-19	cell = 32 to 39
33	-15	42	-6	48	-31	44	-17	cell = 40 to 47
33	-33	46	-26	32	14	34	-20	cell = 48 to 55
52	-55	57	-2	48	-3	30	-44	cell = 56 to 63
52	-18	52	7	57	-11	39	-1	cell = 64 to 71
50	1	57	31	39	-19	4	-33	cell = 72 to 79
42	-43	50	4	41	18	79	-5	cell = 80 to 87
72	54	18	8	71	-26	-18	6	cell = 88 to 95
66	-6	13	-17	32	13	35	25	cell = 96 to 103
56	-13	50	25	70	-5	32	1	cell = 104 to 111
30	20	71	19	63	19	47	26	cell = 112 to 119
29	-40	23	-17	37	-13	-25	-23	cell = 120 to 127
29	-1	42	12	66	-24	20	7	cell = 128 to 135
42	40	6	-8	53	-39	48	-36	cell = 136 to 143
29	34	55	1	54	0	47	-18	cell = 144 to 151
33	55	32	10	67	4	17	22	cell = 152 to 159
80	19	14	-44	-2	-29	56	-19	cell = 160 to 167
20	-4	0	-12	1	-29	38	-7	cell = 168 to 175
0	-19	61	-23	28	3	54	-41	cell = 176 to 183
38	-30	11	24	72	4	11	-15	cell = 184 to 191
39	-34	79	26	40	-12	50	1	cell = 192 to 199
55	7	40	-7	50	-29	52	-17	cell = 200 to 207
46	2	54	-6	39	21	63	12	cell = 208 to 215
66	-24	39	-31	19	-7	25	21	cell = 216 to 223
52	12	51	5	59	-30	10	-22	cell = 224 to 231
35	4	22	11	68	-9	60	43	cell = 232 to 239
40	-23	5	5	24	-9	-1	-27	cell = 240 to 247
91	-13	35	-13	57	-25	45	37	cell = 248 to 255
35	-30	31	-2	52	15	70	-34	cell = 256 to 263
32	21	-8	-3	62	-17	19	22	cell = 264 to 271
39	-27	31	-23	21	-19	71	9	cell = 272 to 279
10	-17	31	-19	76	-35	36	13	cell = 280 to 287
21	3	53	-21	41	-1	30	-34	cell = 288 to 295
61	-49	28	2	62	-29	26	2	cell = 296 to 303
83	22	99	-36	45	25	8	-13	cell = 304 to 311
31	-24	10	37	34	3	58	-73	cell = 312 to 319
47	19	60	30	15	-17	53	-41	cell = 320 to 327
57	15	23	5	25	-31	44	-31	cell = 328 to 335
26	-7	28	-21	17	-24	-7	22	cell = 336 to 343
40	-12	13	21	62	9	49	12	cell = 344 to 351
36	-40	26	8	23	1	53	-10	cell = 352 to 359
36	3	88	-12	11	-21	4	6	cell = 360 to 367
53	15	41	4	-8	-7	18	3	cell = 368 to 375
15	-31	8	1	68	0	31	-39	cell = 376 to 383
71	-31	14	2	44	12	9	6	cell = 384 to 391
52	-5	27	1	33	-29	14	4	cell = 392 to 399
60	0	31	0	25	-8	37	-75	cell = 400 to 407
35	-22	37	-9	35	-17	28	0	cell = 408 to 415
32	-18	25	-35	36	6	18	4	cell = 416 to 423
52	20	54	-18	38	-2	23	-6	cell = 424 to 431
44	7	67	10	51	-20	18	5	cell = 432 to 439
4	18	54	15	51	-46	36	0	cell = 440 to 447
80	21	48	-23	39	-19	35	-12	cell = 448 to 455
27	21	18	7	4	-24	48	-7	cell = 456 to 463
34	0	47	-39	61	-5	47	20	cell = 464 to 471
32	-6	39	-9	33	-5	64	12	cell = 472 to 479
33	-16	42	-23	49	50	46	4	cell = 480 to 487
34	-13	89	-8	55	-37	54	-24	cell = 488 to 495
49	-19	-35	-65	-39	-89	-17	-92	cell = 496 to 503
64	26	9	-29	6	-14	22	-2	cell = 504 to 511
-30	-32	10	-21	-35	-11	-2	-11	cell = 512 to 519
-5	-15	-4	4	-22	-15	-28	-73	cell = 520 to 527
2	-5	-49	-33	-38	0	-26	-31	cell = 528 to 535
-36	-6	2	0	-26	-19	-28	-22	cell = 536 to 543
-29	-39	-22	-18	-3	-10	-6	-44	cell = 544 to 551
-22	-26	3	5	-51	-19	-24	-13	cell = 552 to 559
0	-26	-13	-23	-16	4	0	-30	cell = 560 to 567
-36	17	-23	-39	-7	4	-11	-24	cell = 568 to 575
-52	-36	3	-27	1	-12	-1	-31	cell = 576 to 583
-53	-17	-26	3	-33	-33	-42	6	cell = 584 to 591
-24	-10	-28	-6	-2	3	-27	-24	cell = 592 to 599
-8	4	-34	-26	-60	-23	-29	-15	cell = 600 to 607
-26	-6	-3	13	-34	-12	2	-17	cell = 608 to 615
-13	16	-2	-17	-28	-13	-3	0	cell = 616 to 623
-26	0	-26	-43	-16	-6	-51	-38	cell = 624 to 631
-8	-5	-15	-26	-34	-52	-11	-38	cell = 632 to 639
-18	1	2	-2	-11	-25	-7	-11	cell = 640 to 647
-32	-8	-25	-15	-41	13	0	-15	cell = 648 to 655
-21	-6	-19	-6	-6	15	-15	-6	cell = 656 to 663
-52	-11	-28	-5	-33	14	-1	-17	cell = 664 to 671
22	-38	-24	-7	-25	-25	-13	4	cell = 672 to 679
-27	30	-6	-27	-36	-45	-58	-49	cell = 680 to 687
7	-25	-38	-7	1	-32	27	-44	cell = 688 to 695
-7	20	-17	-35	-38	-10	-8	10	cell = 696 to 703
-10	-30	-48	-12	-36	-4	-6	21	cell = 704 to 711
-1	9	-16	16	-11	-25	-3	-5	cell = 712 to 719
-34	-30	-7	-2	5	-37	4	-11	cell = 720 to 727
7	-7	15	-18	-25	-7	5	-36	cell = 728 to 735
-61	-30	-53	-4	-16	-3	-10	10	cell = 736 to 743
-29	-4	-12	-72	24	-50	-11	-54	cell = 744 to 751
-45	21	-3	-20	-47	14	-18	-15	cell = 752 to 759
-14	-19	-29	-32	-36	-23	-22	6	cell = 760 to 767
16	-30	5	13	-25	-1	-35	-13	cell = 768 to 775
-25	-7	45	-3	-22	5	40	17	cell = 776 to 783
-12	-6	-25	-3	-12	9	30	7	cell = 784 to 791
11	7	-14	-35	-17	0	-9	-15	cell = 792 to 799
-18	2	-8	-47	-11	23	-1	-13	cell = 800 to 807
-14	32	23	-16	0	-16	-49	39	cell = 808 to 815
-28	-2	-73	-58	-47	-12	-2	-21	cell = 816 to 823
13	-31	7	-14	-47	-6	-12	-39	cell = 824 to 831
-29	-34	-30	-25	-17	5	-45	43	cell = 832 to 839
-25	-17	17	1	-20	-32	-49	-19	cell = 840 to 847
-16	-25	-11	-25	-30	-1	4	-14	cell = 848 to 855
-66	15	-24	-13	-27	-26	-47	-3	cell = 856 to 863
-6	-2	-42	-26	14	-11	13	-2	cell = 864 to 871
-6	-18	-2	31	-16	-30	-16	13	cell = 872 to 879
-42	-10	-7	2	-32	-26	3	7	cell = 880 to 887
7	-1	-27	2	-27	-24	-4	-24	cell = 888 to 895
-35	8	-32	-5	-21	16	18	-7	cell = 896 to 903
-31	9	-64	-14	-13	-6	5	-59	cell = 904 to 911
10	-22	-52	-4	-26	-13	-1	-47	cell = 912 to 919
-16	-34	-31	-22	-37	-28	-1	4	cell = 920 to 927
-25	-25	-32	-13	-23	-20	-17	-18	cell = 928 to 935
-22	-21	27	14	-63	-39	1	-26	cell = 936 to 943
-13	21	-35	-16	30	-10	0	13	cell = 944 to 951
2	-46	-15	-53	-20	-12	17	-27	cell = 952 to 959
8	-23	1	-5	-21	-24	-10	-28	cell = 960 to 967
-6	-16	-24	-14	1	-34	-61	-35	cell = 968 to 975
-14	28	-41	-8	-18	-4	18	-52	cell = 976 to 983
-40	4	0	-29	-52	6	-17	6	cell = 984 to 991
-47	-9	-22	-33	-32	-11	2	6	cell = 992 to 999
-55	-73	8	3	0	7	24	-13	cell = 1000 to 1007
-29	-39	-36	-19	-48	-34	-39	-23	cell = 1008 to 1015
-24	-27	-26	-9	4	-22	-17	-24	cell = 1016 to 1023
Calibration values from cell 0 to 1024 for channel 7:

38	13	39	-7	24	6	41	-43	cell = 0 to 7
21	-2	27	-6	32	-8	38	12	cell = 8 to 15
-14	4	-10	14	52	-3	24	-10	cell = 16 to 23
49	22	46	-19	38	31	27	-9	cell = 24 to 31
72	25	-9	11	54	11	60	-27	cell = 32 to 39
32	-2	83	4	70	-14	15	7	cell = 40 to 47
53	-11	24	0	48	12	20	13	cell = 48 to 55
51	-20	34	-9	49	22	63	-28	cell = 56 to 63
82	24	31	-2	34	-23	60	30	cell = 64 to 71
35	-6	31	21	66	-4	8	-4	cell = 72 to 79
12	-16	49	-29	42	-9	20	8	cell = 80 to 87
40	33	24	12	42	0	24	32	cell = 88 to 95
57	-4	43	24	64	2	37	-5	cell = 96 to 103
22	26	26	13	25	48	66	-7	cell = 104 to 111
51	-32	9	-24	75	-10	30	22	cell = 112 to 119
37	-57	34	-42	40	-49	8	-11	cell = 120 to 127
4	-7	86	-57	48	-1	35	-8	cell = 128 to 135
59	4	31	21	73	-11	22	15	cell = 136 to 143
39	-20	36	-13	40	-3	34	-12	cell = 144 to 151
3	-33	45	-47	48	-10	5	0	cell = 152 to 159
53	-11	49	-5	75	-37	26	-26	cell = 160 to 167
40	-2	12	24	19	3	30	4	cell = 168 to 175
36	25	17	11	43	-10	2	3	cell = 176 to 183
49	-26	36	8	32	-37	23	-2	cell = 184 to 191
42	4	69	9	59	-12	53	-12	cell = 192 to 199
27	-25	66	17	61	-32	34	-21	cell = 200 to 207
32	-19	56	9	46	-26	34	27	cell = 208 to 215
48	0	36	15	33	16	17	-16	cell = 216 to 223
40	-13	66	1	23	-4	23	-17	cell = 224 to 231
82	17	55	5	43	-20	51	28	cell = 232 to 239
78	-5	12	5	60	-28	77	20	cell = 240 to 247
7	18	59	-11	28	-13	-2	-11	cell = 248 to 255
39	-2	47	-23	43	1	63	-39	cell = 256 to 263
47	3	39	-4	75	13	47	-5	cell = 264 to 271
28	15	8	-1	44	16	56	10	cell = 272 to 279
69	19	15	-16	38	5	34	-14	cell = 280 to 287
27	-27	28	4	55	34	65	-10	cell = 288 to 295
24	2	23	-28	20	-3	46	-17	cell = 296 to 303
22	-9	39	-2	29	-34	34	-20	cell = 304 to 311
27	52	21	-5	37	21	51	11	cell = 312 to 319
60	17	0	3	37	27	41	-21	cell = 320 to 327
-5	-21	56	16	64	-12	52	-5	cell = 328 to 335
55	-8	48	5	47	5	28	13	cell = 336 to 343
55	-34	28	-8	62	-7	38	-12	cell = 344 to 351
50	-3	33	-2	30	-12	14	11	cell = 352 to 359
73	-21	53	-1	78	-11	32	-5	cell = 360 to 367
45	-7	22	-30	54	-12	37	-27	cell = 368 to 375
32	3	31	27	48	-12	37	-42	cell = 376 to 383
28	-40	36	-8	0	13	24	-12	cell = 384 to 391
46	-31	19	39	53	-10	3	11	cell = 392 to 399
27	15	74	-14	83	10	69	6	cell = 400 to 407
14	4	-10	-8	36	36	39	3	cell = 408 to 415
18	12	33	-40	51	-5	34	-26	cell = 416 to 423
57	25	31	-1	50	-17	18	-19	cell = 424 to 431
22	-23	46	-13	35	-30	34	-35	cell = 432 to 439
29	-4	10	26	14	6	31	-8	cell = 440 to 447
55	8	42	-4	74	-2	32	5	cell = 448 to 455
25	-27	28	30	34	3	65	0	cell = 456 to 463
6	-14	24	25	47	20	41	33	cell = 464 to 471
25	-8	70	13	50	-34	57	4	cell = 472 to 479
39	-9	63	17	39	11	68	43	cell = 480 to 487
40	11	51	-38	22	-28	22	10	cell = 488 to 495
51	-23	-9	-38	-36	-42	-74	-86	cell = 496 to 503
22	-27	59	-9	57	-19	21	-6	cell = 504 to 511
-39	-26	-31	-24	-37	-19	9	-12	cell = 512 to 519
11	-31	-63	0	-20	-64	8	-25	cell = 520 to 527
-35	-11	-47	-5	-10	26	-23	-17	cell = 528 to 535
-26	-24	13	-48	-13	-15	-25	-25	cell = 536 to 543
-4	-64	-10	-43	-10	-23	-26	2	cell = 544 to 551
-28	-11	20	-28	2	22	-37	-24	cell = 552 to 559
-53	-42	-41	-15	-25	-32	-9	-29	cell = 560 to 567
-18	14	-7	-20	-24	20	-3	-18	cell = 568 to 575
-26	-21	-6	-18	-38	-12	-29	-33	cell = 576 to 583
4	-33	-17	-36	-10	-8	-29	25	cell = 584 to 591
-34	-9	-48	13	-16	-13	-4	-36	cell = 592 to 599
-11	-4	-18	3	11	-7	-18	-40	cell = 600 to 607
-39	-30	-4	-30	-11	-12	-10	-19	cell = 608 to 615
-51	17	-8	-23	0	-19	8	2	cell = 616 to 623
-5	-20	-8	3	-40	-49	-52	-31	cell = 624 to 631
-21	-45	-60	-19	-26	5	-47	4	cell = 632 to 639
-61	-10	-32	-50	5	-33	-35	-13	cell = 640 to 647
-11	-6	-54	10	-11	4	17	-7	cell = 648 to 655
-34	8	-32	-32	0	-47	-20	-28	cell = 656 to 663
-30	-14	-24	7	-10	-37	-2	-27	cell = 664 to 671
-16	-44	-13	-16	-50	-8	-14	-3	cell = 672 to 679
-14	15	-77	-37	-78	26	-45	-14	cell = 680 to 687
-1	-18	-13	-30	12	-19	-46	10	cell = 688 to 695
-14	-18	25	1	-60	11	13	-27	cell = 696 to 703
-8	-29	-20	-12	-31	3	-14	11	cell = 704 to 711
-13	-18	-40	-15	-10	-14	10	14	cell = 712 to 719
36	-88	-30	6	-5	-42	0	5	cell = 720 to 727
13	-24	-59	-30	-32	-9	-26	-42	cell = 728 to 735
-20	-33	-23	-2	-32	-44	-21	10	cell = 736 to 743
-1	-16	-48	7	-2	-10	-10	-17	cell = 744 to 751
-18	21	12	-3	-38	-31	-6	-19	cell = 752 to 759
-42	-7	-33	17	-42	0	-25	-20	cell = 760 to 767
-31	-31	-42	-37	-31	-26	-34	-52	cell = 768 to 775
-3	9	9	-23	-31	-18	-24	-33	cell = 776 to 783
-7	-5	1	24	-48	10	-17	-50	cell = 784 to 791
-15	-28	-32	-17	-35	-24	-16	-54	cell = 792 to 799
-35	-46	0	2	-3	-1	0	-5	cell = 800 to 807
13	11	8	-20	7	-16	-32	-35	cell = 808 to 815
-4	-34	-10	25	-2	-24	28	-34	cell = 816 to 823
21	-17	-20	-3	-46	11	-29	-12	cell = 824 to 831
-20	5	-31	-49	-7	-43	-28	-61	cell = 832 to 839
-11	7	7	-23	-53	-29	-30	-6	cell = 840 to 847
-7	13	17	-33	-19	-2	-32	-2	cell = 848 to 855
-19	-3	-38	-12	-35	-40	-19	0	cell = 856 to 863
-57	34	7	-49	24	-23	-28	-17	cell = 864 to 871
-23	-39	-14	-24	-8	14	-42	-9	cell = 872 to 879
-8	16	6	-50	-16	10	-37	-37	cell = 880 to 887
20	-10	-19	-12	-37	-2	-10	-36	cell = 888 to 895
-53	-6	-17	-35	-30	-18	-5	-22	cell = 896 to 903
-4	-12	-2	-76	-11	-8	-32	14	cell = 904 to 911
-18	22	-3	-7	-56	-28	-8	24	cell = 912 to 919
-15	3	-9	-53	-38	-24	-25	37	cell = 920 to 927
-4	-3	-2	-16	11	-8	-33	-15	cell = 928 to 935
35	44	-12	-17	14	-34	-12	-16	cell = 936 to 943
-57	5	44	-27	4	-17	-16	-8	cell = 944 to 951
-19	-4	-43	-36	-23	-32	-35	-21	cell = 952 to 959
-18	-37	-18	2	-11	-22	-28	-12	cell = 960 to 967
-59	-22	-46	1	-18	9	-27	-5	cell = 968 to 975
-46	24	0	-37	-16	-50	-9	29	cell = 976 to 983
-29	-13	-21	5	-37	-21	-75	-8	cell = 984 to 991
-37	-33	-22	-8	-2	6	-18	-31	cell = 992 to 999
-25	25	-18	-27	5	-14	-11	-16	cell = 1000 to 1007
2	15	-5	-48	-28	-2	-29	-45	cell = 1008 to 1015
-46	13	17	-18	-76	6	-34	-53	cell = 1016 to 1023
Calibration values from cell 0 to 1024 for channel 8:

82	11	-1	-15	83	17	43	23	cell = 0 to 7
39	-12	14	-18	36	-19	45	-34	cell = 8 to 15
57	-7	55	33	28	5	55	-3	cell = 16 to 23
17	19	49	7	58	-25	26	2	cell = 24 to 31
22	2	2	-9	14	-2	33	18	cell = 32 to 39
51	0	60	-8	87	-21	32	-10	cell = 40 to 47
72	-13	30	-2	45	-33	71	24	cell = 48 to 55
53	5	45	-7	50	-21	37	-29	cell = 56 to 63
73	6	49	1	35	-2	52	-28	cell = 64 to 71
10	-3	37	1	50	-12	27	-18	cell = 72 to 79
56	-4	41	-2	64	17	33	-28	cell = 80 to 87
30	22	69	-3	49	-21	47	21	cell = 88 to 95
30	14	39	-21	43	26	38	-17	cell = 96 to 103
65	21	36	-9	32	-4	42	-3	cell = 104 to 111
34	-1	32	13	46	-2	37	-20	cell = 112 to 119
47	1	52	-11	59	-37	40	0	cell = 120 to 127
57	-23	33	-2	18	-31	12	-47	cell = 128 to 135
50	5	41	5	40	30	55	-14	cell = 136 to 143
59	17	26	24	15	-14	61	2	cell = 144 to 151
66	2	-13	-17	56	8	55	-4	cell = 152 to 159
42	-5	67	-42	43	15	16	15	cell = 160 to 167
29	-6	37	-41	59	18	63	-31	cell = 168 to 175
24	4	36	13	19	23	31	-14	cell = 176 to 183
80	-3	44	23	5	-34	62	21	cell = 184 to 191
56	2	12	-4	33	-8	51	3	cell = 192 to 199
23	5	43	-26	44	-32	51	-6	cell = 200 to 207
43	-30	67	13	40	27	51	-18	cell = 208 to 215
56	29	46	12	37	-7	24	13	cell = 216 to 223
27	-14	54	-14	21	12	50	48	cell = 224 to 231
50	-18	60	-35	42	-19	69	-17	cell = 232 to 239
60	-47	0	-32	73	-24	37	-43	cell = 240 to 247
92	-12	20	1	41	-29	7	-10	cell = 248 to 255
20	-32	47	-21	40	-5	42	-14	cell = 256 to 263
36	8	41	-39	52	3	55	-3	cell = 264 to 271
58	-40	54	8	30	-5	41	28	cell = 272 to 279
17	-40	47	15	51	9	18	-30	cell = 280 to 287
48	25	57	-12	80	-4	57	-5	cell = 288 to 295
48	0	49	-32	73	-2	28	-28	cell = 296 to 303
40	-22	43	-11	64	4	35	39	cell = 304 to 311
15	-8	66	-14	75	35	3	-6	cell = 312 to 319
45	10	45	-9	8	-3	56	-10	cell = 320 to 327
58	-20	32	5	11	-33	46	12	cell = 328 to 335
87	-51	55	15	50	5	36	17	cell = 336 to 343
64	8	4	41	38	-2	52	40	cell = 344 to 351
25	8	81	43	65	-31	51	-15	cell = 352 to 359
39	-22	30	23	37	-45	59	37	cell = 360 to 367
44	-1	46	10	42	21	50	42	cell = 368 to 375
39	-25	20	21	60	28	26	12	cell = 376 to 383
14	31	21	15	29	-31	20	1	cell = 384 to 391
58	-37	30	-9	21	-14	21	1	cell = 392 to 399
44	3	4	18	43	-21	52	-42	cell = 400 to 407
53	-10	31	-12	45	-10	33	-55	cell = 408 to 415
54	-54	15	-7	79	-21	24	-24	cell = 416 to 423
34	19	17	-14	52	-27	29	12	cell = 424 to 431
43	10	55	-3	41	2	71	7	cell = 432 to 439
8	-27	3	21	92	-17	48	17	cell = 440 to 447
-5	11	57	-28	36	-7	45	-44	cell = 448 to 455
59	-3	59	2	19	-22	54	-15	cell = 456 to 463
47	-9	27	28	49	-1	63	-15	cell = 464 to 471
27	6	61	0	78	11	30	-1	cell = 472 to 479
33	-12	37	17	34	-16	67	47	cell = 480 to 487
50	-40	45	20	66	-31	46	-26	cell = 488 to 495
55	-17	-34	-44	-56	-68	-28	-88	cell = 496 to 503
46	-15	44	-6	9	-42	44	13	cell = 504 to 511
-14	-13	-61	-14	-2	-23	-15	-27	cell = 512 to 519
-20	-28	-19	1	-6	-46	-26	-48	cell = 520 to 527
-40	2	3	25	-7	-2	0	-32	cell = 528 to 535
-1	-37	-30	-21	6	-26	-15	-8	cell = 536 to 543
-14	2	-36	3	6	-55	10	2	cell = 544 to 551
-13	-39	-7	-42	12	21	-5	-40	cell = 552 to 559
-19	0	13	0	-9	-34	-26	15	cell = 560 to 567
-64	4	-3	-36	-54	-17	3	-14	cell = 568 to 575
25	4	-55	-31	-15	-59	-26	15	cell = 576 to 583
-51	-22	-23	-54	-10	-21	-56	-30	cell = 584 to 591
-31	-17	11	17	-32	-15	3	-32	cell = 592 to 599
-24	23	3	-5	-4	-18	-16	-35	cell = 600 to 607
-34	-24	-51	-16	-24	-16	0	-18	cell = 608 to 615
-44	-30	0	6	-4	-12	-3	-16	cell = 616 to 623
-2	-16	-21	-18	-24	-11	7	-11	cell = 624 to 631
3	-33	-6	-15	-30	-36	-5	-41	cell = 632 to 639
-36	7	-18	-20	-55	-14	-16	-37	cell = 640 to 647
-18	-1	-21	-10	-3	-51	-15	-17	cell = 648 to 655
-37	-3	-7	-39	-28	-40	7	-8	cell = 656 to 663
-4	-47	-42	0	-26	-7	-4	-21	cell = 664 to 671
9	-9	-19	36	-12	-25	-49	-12	cell = 672 to 679
-19	-3	14	14	-40	-47	-24	16	cell = 680 to 687
-36	-36	-24	-53	-39	13	-2	-11	cell = 688 to 695
-25	16	-35	-11	-29	-25	-39	-32	cell = 696 to 703
-34	-8	-41	-23	-7	-2	-40	-10	cell = 704 to 711
-20	-47	5	-17	5	-18	-43	-5	cell = 712 to 719
-41	15	-5	-25	-55	-9	-27	-40	cell = 720 to 727
9	-54	-66	-29	0	-34	-56	-50	cell = 728 to 735
1	-28	-21	-19	-11	4	-32	-37	cell = 736 to 743
-36	-48	-18	-31	11	-14	-54	-13	cell = 744 to 751
14	-8	-13	-7	-39	-16	-57	-22	cell = 752 to 759
-42	-27	-65	-4	-45	10	-29	-7	cell = 760 to 767
-18	-62	-32	14	24	-35	-27	-10	cell = 768 to 775
-10	11	-37	0	-46	-29	-2	0	cell = 776 to 783
-29	-8	-35	-17	-15	-17	-7	-32	cell = 784 to 791
-11	-30	-9	-22	-57	-13	16	-7	cell = 792 to 799
-39	-4	-66	-12	1	-17	-56	-49	cell = 800 to 807
-3	10	-31	-51	-49	-30	-35	-13	cell = 808 to 815
-24	18	10	-28	-38	18	-7	-3	cell = 816 to 823
1	-37	-37	-16	-21	-49	-51	7	cell = 824 to 831
-10	-40	-36	-32	-52	-41	-15	-38	cell = 832 to 839
-38	-30	7	7	-26	-26	-5	-46	cell = 840 to 847
-69	-26	-41	-6	-32	-59	-46	22	cell = 848 to 855
-3	-3	-12	-14	-21	-66	-37	-19	cell = 856 to 863
2	-28	-21	13	-55	3	19	6	cell = 864 to 871
-38	24	15	-25	-2	-30	-12	-14	cell = 872 to 879
-15	-11	-2	-10	-8	-32	-15	7	cell = 880 to 887
27	9	41	17	-11	-12	-14	-12	cell = 888 to 895
-34	-59	-19	-12	-15	-32	2	-54	cell = 896 to 903
-8	31	20	1	-24	-32	17	-27	cell = 904 to 911
-35	18	1	25	-28	-23	-18	2	cell = 912 to 919
-10	13	-28	-27	-27	-33	-7	-7	cell = 920 to 927
-3	33	-11	-50	-19	-6	-37	-44	cell = 928 to 935
5	-24	-17	-43	-49	13	24	-19	cell = 936 to 943
-19	-23	-15	-28	-7	26	21	-17	cell = 944 to 951
-28	6	-37	3	-47	-14	-8	-45	cell = 952 to 959
-28	-18	-17	-30	-24	-24	-52	-34	cell = 960 to 967
-22	-29	-28	13	-25	-5	-3	-35	cell = 968 to 975
-28	-30	-1	-11	-8	-17	29	-15	cell = 976 to 983
-62	-9	-34	-13	-30	9	-58	-37	cell = 984 to 991
-19	-13	-8	-76	3	-24	1	23	cell = 992 to 999
-45	-32	-24	-13	-44	-7	-52	2	cell = 1000 to 1007
-34	-9	-11	-16	-11	-34	-34	11	cell = 1008 to 1015
-11	-10	-13	-8	1	-34	-40	-7	cell = 1016 to 1023
