Calibration values from cell 0 to 1024 for channel 0:

-1	29	-21	-13	11	-5	45	-2	cell = 0 to 7
44	13	34	12	72	15	11	-36	cell = 8 to 15
67	1	66	9	35	-11	58	-34	cell = 16 to 23
48	6	48	7	29	-20	23	-16	cell = 24 to 31
54	-18	63	0	62	-14	43	30	cell = 32 to 39
20	-21	72	-4	47	7	63	3	cell = 40 to 47
11	-20	57	-30	55	-2	49	6	cell = 48 to 55
49	-5	58	6	2	32	25	-16	cell = 56 to 63
14	-3	18	-31	46	-17	57	20	cell = 64 to 71
47	-4	27	8	85	4	16	20	cell = 72 to 79
42	16	11	20	-2	8	35	-24	cell = 80 to 87
2	4	21	-27	36	8	39	18	cell = 88 to 95
13	7	32	-38	28	16	29	-29	cell = 96 to 103
23	8	-21	22	13	-6	50	42	cell = 104 to 111
44	-6	20	-37	4	-6	7	-25	cell = 112 to 119
36	-36	92	-28	62	-20	47	-33	cell = 120 to 127
48	-12	8	1	38	11	30	16	cell = 128 to 135
49	0	14	0	31	-44	39	21	cell = 136 to 143
35	-36	27	22	84	12	68	-29	cell = 144 to 151
22	18	22	-32	29	-35	10	8	cell = 152 to 159
71	-18	48	-2	45	3	58	-10	cell = 160 to 167
74	-9	81	-23	60	-36	71	2	cell = 168 to 175
62	3	91	-19	46	-26	69	-12	cell = 176 to 183
52	13	68	-13	24	-28	37	-38	cell = 184 to 191
60	-35	54	-22	18	-5	37	-14	cell = 192 to 199
5	-4	53	33	13	-38	88	-15	cell = 200 to 207
31	4	7	-24	72	8	24	-12	cell = 208 to 215
19	-33	37	0	43	-36	62	-13	cell = 216 to 223
12	10	57	15	51	-3	53	18	cell = 224 to 231
52	-38	42	-58	8	-21	58	-11	cell = 232 to 239
65	-25	3	1	18	8	38	-55	cell = 240 to 247
61	-16	24	-24	35	2	47	13	cell = 248 to 255
50	18	8	9	76	33	34	-32	cell = 256 to 263
100	-45	35	-19	58	-22	59	-47	cell = 264 to 271
13	-22	43	-2	10	4	36	-25	cell = 272 to 279
44	-34	64	-15	16	-19	30	-15	cell = 280 to 287
33	17	26	-15	23	-41	32	-22	cell = 288 to 295
11	-65	43	17	46	0	46	3	cell = 296 to 303
12	-27	63	-14	77	-6	30	17	cell = 304 to 311
22	18	50	-9	51	9	31	11	cell = 312 to 319
42	11	56	-6	37	-37	53	23	cell = 320 to 327
61	17	77	-35	31	-23	78	-3	cell = 328 to 335
28	11	31	-10	36	-21	65	-33	cell = 336 to 343
32	-40	12	-29	31	20	40	10	cell = 344 to 351
26	-49	32	-13	14	16	110	9	cell = 352 to 359
67	-25	52	16	43	-18	40	20	cell = 360 to 367
31	-4	73	23	71	-1	32	-1	cell = 368 to 375
29	-12	21	-12	32	-37	42	-14	cell = 376 to 383
37	-12	48	10	27	0	22	45	cell = 384 to 391
-23	-28	49	19	44	-26	2	-11	cell = 392 to 399
59	-4	69	-12	54	9	13	0	cell = 400 to 407
46	12	57	21	41	2	68	21	cell = 408 to 415
52	1	39	-57	27	-3	28	24	cell = 416 to 423
72	11	40	-23	64	25	13	-4	cell = 424 to 431
35	35	68	11	40	-20	21	9	cell = 432 to 439
33	-26	81	-23	29	0	36	-9	cell = 440 to 447
38	-1	80	-7	22	-47	50	3	cell = 448 to 455
35	7	59	31	76	55	-6	7	cell = 456 to 463
65	7	32	3	30	-8	21	-7	cell = 464 to 471
41	8	40	1	17	0	49	-11	cell = 472 to 479
38	5	88	-29	32	7	67	-24	cell = 480 to 487
29	26	71	-13	34	24	71	2	cell = 488 to 495
35	9	-10	-99	-41	-101	-42	-88	cell = 496 to 503
36	1	52	-25	22	15	38	-37	cell = 504 to 511
-68	-16	-50	10	21	16	-10	-35	cell = 512 to 519
-4	38	-17	8	-5	-9	-17	-11	cell = 520 to 527
-27	9	1	5	-30	5	1	-19	cell = 528 to 535
-14	-24	-6	-42	4	-25	-46	19	cell = 536 to 543
-18	-12	-9	-47	4	-29	-29	-5	cell = 544 to 551
3	-15	-49	-23	-18	23	-17	-33	cell = 552 to 559
34	-1	-26	10	9	9	-31	-74	cell = 560 to 567
-27	-9	-7	23	-1	-40	-51	-50	cell = 568 to 575
-10	-2	-15	16	-5	-17	-15	-19	cell = 576 to 583
7	-23	-7	18	-57	-35	12	-12	cell = 584 to 591
-35	-33	-8	27	2	5	-18	-48	cell = 592 to 599
-47	-12	8	0	-12	-7	-51	-40	cell = 600 to 607
-28	-40	-18	-49	-24	1	-19	-19	cell = 608 to 615
-2	4	-32	8	-20	7	-13	-24	cell = 616 to 623
7	-30	-60	8	-40	10	-4	-14	cell = 624 to 631
-3	-3	-44	39	-72	0	-54	-16	cell = 632 to 639
-13	-53	-19	14	-12	-21	-6	-35	cell = 640 to 647
-41	-54	-17	-35	3	-5	-62	-10	cell = 648 to 655
-45	-34	-41	-26	-6	-30	-45	7	cell = 656 to 663
-19	-15	-9	-24	-39	3	17	-35	cell = 664 to 671
6	-11	-34	-34	-3	7	-14	2	cell = 672 to 679
-20	-26	-14	20	-31	-38	-6	-10	cell = 680 to 687
-5	-28	-26	4	-12	-9	-36	-28	cell = 688 to 695
-18	34	33	7	-25	-43	-34	-15	cell = 696 to 703
-17	-19	-24	-11	12	-13	-38	-32	cell = 704 to 711
10	18	-62	39	0	-10	-27	-9	cell = 712 to 719
1	-32	-13	-18	-43	-18	0	-32	cell = 720 to 727
-25	-18	-18	-23	-4	-32	-47	-8	cell = 728 to 735
-18	-7	0	6	-61	30	9	10	cell = 736 to 743
-52	-26	-26	0	-21	-25	-49	-16	cell = 744 to 751
-17	-42	-55	-19	-25	2	-12	-3	cell = 752 to 759
-25	-1	10	-15	5	10	-14	-20	cell = 760 to 767
-4	19	-21	-20	-7	-15	-11	-7	cell = 768 to 775
-39	-36	-12	-17	1	-12	-15	0	cell = 776 to 783
-25	-26	10	-39	-62	18	-15	-4	cell = 784 to 791
-22	-51	-28	-50	-57	10	-30	-24	cell = 792 to 799
-27	-40	-14	-12	-15	-14	-17	-4	cell = 800 to 807
-65	11	15	-25	-16	5	-30	0	cell = 808 to 815
-17	-41	-26	-39	9	-26	-24	13	cell = 816 to 823
31	-24	-9	-61	-14	-6	-33	-51	cell = 824 to 831
-22	-38	-16	-38	-5	33	-29	-2	cell = 832 to 839
-31	18	-68	-22	-42	6	-56	-22	cell = 840 to 847
0	9	-35	10	-15	-9	-26	-66	cell = 848 to 855
-6	11	26	-20	-25	-21	12	-29	cell = 856 to 863
-76	3	9	8	-27	-15	-32	15	cell = 864 to 871
9	-16	-8	12	-26	-16	-23	-10	cell = 872 to 879
-38	-27	2	5	10	-30	-11	-36	cell = 880 to 887
-29	13	-17	-11	12	-24	4	28	cell = 888 to 895
-19	-11	-45	0	-9	-30	-68	-30	cell = 896 to 903
-37	-35	-37	-3	-30	-35	-7	8	cell = 904 to 911
-30	-26	-12	-9	-3	-64	-27	-32	cell = 912 to 919
19	9	-17	-10	-52	-3	-3	-13	cell = 920 to 927
-36	-20	-37	16	-13	-3	-23	13	cell = 928 to 935
15	-33	-43	-40	-23	-29	-39	-5	cell = 936 to 943
-20	-25	-34	4	-36	-35	30	1	cell = 944 to 951
-17	0	-26	-5	-22	-52	-35	29	cell = 952 to 959
9	-37	-14	4	-36	20	-54	7	cell = 960 to 967
-25	0	-21	-22	-11	-50	-28	26	cell = 968 to 975
-3	4	-8	0	4	22	-5	-24	cell = 976 to 983
-36	-34	-55	14	-53	-44	-21	-12	cell = 984 to 991
4	-36	-35	-66	-28	-21	-45	-10	cell = 992 to 999
21	-19	4	0	-34	20	-28	16	cell = 1000 to 1007
-53	-27	-46	5	-38	-7	-41	-31	cell = 1008 to 1015
11	7	-11	-37	-22	-55	-24	-59	cell = 1016 to 1023
Calibration values from cell 0 to 1024 for channel 1:

66	4	52	11	37	-20	51	-31	cell = 0 to 7
47	-14	36	3	51	-6	51	-32	cell = 8 to 15
55	26	4	12	65	-2	22	-27	cell = 16 to 23
27	-7	19	2	4	17	36	16	cell = 24 to 31
40	-2	60	-50	16	-4	14	15	cell = 32 to 39
33	17	69	6	24	-7	51	-51	cell = 40 to 47
44	7	83	-9	44	-9	46	-13	cell = 48 to 55
49	-4	45	19	66	-34	60	-23	cell = 56 to 63
44	2	38	13	43	15	15	-3	cell = 64 to 71
23	17	9	38	24	-13	47	-30	cell = 72 to 79
76	-30	60	-3	78	-14	32	21	cell = 80 to 87
57	-4	41	-63	46	1	60	-44	cell = 88 to 95
65	10	36	-22	4	10	33	4	cell = 96 to 103
38	-5	32	-29	37	0	42	-23	cell = 104 to 111
49	-23	34	-37	17	-39	29	-28	cell = 112 to 119
19	-20	42	-4	29	-19	37	10	cell = 120 to 127
75	9	72	-24	55	-6	54	-4	cell = 128 to 135
18	-14	10	27	63	31	59	24	cell = 136 to 143
42	1	14	11	88	39	63	34	cell = 144 to 151
53	-26	61	-14	76	-23	21	14	cell = 152 to 159
66	-3	22	-49	27	-14	31	-21	cell = 160 to 167
48	-24	49	13	27	-5	63	-7	cell = 168 to 175
18	11	47	6	42	0	51	13	cell = 176 to 183
33	-17	57	-21	38	30	16	-38	cell = 184 to 191
47	-41	38	4	28	7	43	-12	cell = 192 to 199
51	0	11	-26	82	25	57	-19	cell = 200 to 207
40	12	48	7	70	19	87	-30	cell = 208 to 215
50	9	42	-35	51	-15	34	-16	cell = 216 to 223
82	-16	41	-10	48	-13	83	8	cell = 224 to 231
47	1	59	-22	57	-45	63	-20	cell = 232 to 239
85	-16	42	-36	20	20	21	9	cell = 240 to 247
66	14	47	-4	49	-21	61	11	cell = 248 to 255
11	6	18	-27	77	-24	69	-6	cell = 256 to 263
25	-22	53	-31	30	0	82	-20	cell = 264 to 271
-3	4	60	-15	36	18	41	1	cell = 272 to 279
-3	-6	53	-18	68	-31	44	-12	cell = 280 to 287
39	-23	26	-11	44	-10	48	-2	cell = 288 to 295
59	-27	77	-3	60	-15	32	-18	cell = 296 to 303
70	-1	65	2	73	2	68	-17	cell = 304 to 311
61	13	32	-63	92	-3	51	-27	cell = 312 to 319
68	0	43	-28	63	-16	31	-6	cell = 320 to 327
44	27	43	0	25	25	0	-15	cell = 328 to 335
4	-7	67	15	56	7	54	-16	cell = 336 to 343
49	-36	20	-37	57	-24	41	14	cell = 344 to 351
52	30	102	2	49	-44	57	-45	cell = 352 to 359
32	-25	61	-17	94	40	44	-3	cell = 360 to 367
80	-44	22	21	77	-7	37	1	cell = 368 to 375
29	8	2	-25	59	-21	65	-18	cell = 376 to 383
67	1	50	-10	20	-31	70	1	cell = 384 to 391
32	3	37	4	2	-19	40	-28	cell = 392 to 399
70	5	17	-3	54	-3	43	-4	cell = 400 to 407
49	0	43	4	45	-37	29	3	cell = 408 to 415
94	21	4	-22	73	-44	58	23	cell = 416 to 423
31	46	47	6	23	-6	37	-32	cell = 424 to 431
23	4	56	-7	50	25	7	26	cell = 432 to 439
25	-1	17	-30	32	0	17	-9	cell = 440 to 447
9	-17	3	6	22	-10	37	-20	cell = 448 to 455
54	14	46	24	58	-14	36	35	cell = 456 to 463
63	-16	41	12	47	-10	53	-2	cell = 464 to 471
28	-7	35	-1	16	-29	61	-27	cell = 472 to 479
39	25	36	-11	63	-28	78	26	cell = 480 to 487
35	-9	49	10	42	0	30	-7	cell = 488 to 495
14	-12	-23	-103	-26	-67	-54	-72	cell = 496 to 503
31	-20	31	-6	65	-46	30	-17	cell = 504 to 511
-51	-20	-3	-32	-37	-25	-23	-20	cell = 512 to 519
-17	-26	-12	37	-24	3	-20	-4	cell = 520 to 527
-13	9	-24	-2	-16	-1	-9	-15	cell = 528 to 535
-17	-48	-43	-17	-6	-40	-5	-3	cell = 536 to 543
-31	-16	-33	-2	-20	-37	-13	8	cell = 544 to 551
-43	-5	-32	-46	-14	-30	-6	-12	cell = 552 to 559
-34	-2	-17	-5	-36	6	5	11	cell = 560 to 567
-28	-24	-4	-3	-7	-4	-20	21	cell = 568 to 575
1	-37	-31	-39	9	-53	-17	-21	cell = 576 to 583
-21	-48	-6	-17	3	-27	-34	10	cell = 584 to 591
-40	-30	-28	-6	-34	-42	25	-24	cell = 592 to 599
-22	7	-51	14	-25	-15	-13	-14	cell = 600 to 607
-49	-19	-46	-8	-12	-9	-29	-38	cell = 608 to 615
-4	-9	-40	-5	-57	-56	-11	-2	cell = 616 to 623
-13	-4	-13	-12	8	8	-9	6	cell = 624 to 631
5	14	-7	-16	-23	-30	-47	-4	cell = 632 to 639
-24	-4	-7	-51	-14	-16	-11	-13	cell = 640 to 647
-27	20	-17	24	-19	-14	23	-33	cell = 648 to 655
-42	-36	-15	-10	-28	-12	-15	-25	cell = 656 to 663
19	-14	-38	-7	-18	-14	-7	2	cell = 664 to 671
-52	-7	-19	-19	-42	25	-23	14	cell = 672 to 679
-23	-40	-8	-21	-22	14	9	8	cell = 680 to 687
23	-10	-49	-34	-30	-52	-15	-14	cell = 688 to 695
5	-14	-16	-36	1	-18	-53	-61	cell = 696 to 703
-28	-28	-46	-6	-16	-5	-3	-23	cell = 704 to 711
4	-25	-35	-9	-50	-7	-6	-2	cell = 712 to 719
0	-53	-21	-20	-24	-6	-31	1	cell = 720 to 727
-34	17	-36	-4	-19	-15	-25	-5	cell = 728 to 735
-22	-29	-31	6	-34	-25	14	-28	cell = 736 to 743
-45	-17	14	-31	1	-51	-23	1	cell = 744 to 751
-22	10	-35	-22	-4	-19	-38	4	cell = 752 to 759
-16	-25	-30	-22	-20	-36	-20	-46	cell = 760 to 767
-8	-51	-70	-58	-19	-35	23	-28	cell = 768 to 775
39	-5	-2	-9	-13	17	-48	1	cell = 776 to 783
19	11	-25	-25	-54	-1	-41	-4	cell = 784 to 791
-7	-26	-26	-21	-57	-29	-21	-70	cell = 792 to 799
-15	-54	-25	-61	4	-14	-8	-17	cell = 800 to 807
-28	-62	-1	-22	-7	-51	-5	0	cell = 808 to 815
4	1	-1	-42	-51	35	-36	9	cell = 816 to 823
-10	38	-5	-33	-43	-17	-22	-7	cell = 824 to 831
-65	-1	-54	-58	-34	-11	-56	0	cell = 832 to 839
1	-3	-8	-5	-3	-47	7	-13	cell = 840 to 847
7	-25	-3	-37	-35	-20	20	-18	cell = 848 to 855
-3	-22	-29	4	-22	10	-34	-28	cell = 856 to 863
-58	-61	-38	11	1	-15	-24	-7	cell = 864 to 871
44	-15	-29	-17	-58	-27	-16	-43	cell = 872 to 879
-9	-18	-8	-2	-16	-36	9	-30	cell = 880 to 887
-11	-50	-7	0	-12	-16	-32	-41	cell = 888 to 895
-29	-15	-15	-38	-1	3	-9	-30	cell = 896 to 903
-43	13	-5	1	-38	-30	-47	25	cell = 904 to 911
-7	-19	-37	-4	-22	2	-41	-28	cell = 912 to 919
-41	-61	-2	-10	-68	-39	-64	23	cell = 920 to 927
-54	-63	-42	-9	-18	-8	-28	-40	cell = 928 to 935
4	-17	-11	-8	-18	-33	-20	14	cell = 936 to 943
-6	-22	-43	8	-19	-3	-52	0	cell = 944 to 951
-34	1	-70	35	22	-33	-28	-12	cell = 952 to 959
-23	8	-32	-10	-38	12	-50	-5	cell = 960 to 967
-1	-28	4	-12	-58	7	-8	-12	cell = 968 to 975
-28	-22	-28	-30	-15	7	-20	0	cell = 976 to 983
-14	-22	-10	-6	-20	1	1	16	cell = 984 to 991
-8	-27	-38	5	-48	-33	11	1	cell = 992 to 999
-56	-49	-37	4	9	-19	-30	10	cell = 1000 to 1007
-10	-9	-34	9	-5	-3	-40	-37	cell = 1008 to 1015
-32	-6	-37	-39	-26	-21	-30	18	cell = 1016 to 1023
Calibration values from cell 0 to 1024 for channel 2:

51	-2	31	-45	22	-45	66	30	cell = 0 to 7
-10	-39	63	18	33	-9	46	-23	cell = 8 to 15
48	1	29	10	18	-6	37	-1	cell = 16 to 23
18	2	54	37	56	-27	18	-41	cell = 24 to 31
30	-23	5	2	69	-3	35	16	cell = 32 to 39
26	10	87	-32	58	30	30	-10	cell = 40 to 47
50	-5	40	-7	9	-17	84	-30	cell = 48 to 55
51	-56	22	-39	48	11	-6	-6	cell = 56 to 63
14	-3	29	-14	46	15	9	15	cell = 64 to 71
46	2	64	-15	43	22	21	3	cell = 72 to 79
-9	-31	33	14	14	1	18	-6	cell = 80 to 87
18	-31	30	6	52	-6	19	-62	cell = 88 to 95
42	-36	26	17	34	27	74	-10	cell = 96 to 103
63	-35	33	7	46	3	54	-20	cell = 104 to 111
56	8	16	20	18	9	55	-35	cell = 112 to 119
21	31	36	-4	42	-11	56	-36	cell = 120 to 127
51	9	26	-25	4	-29	80	36	cell = 128 to 135
58	13	31	5	31	2	14	28	cell = 136 to 143
33	-18	38	8	27	-7	29	-6	cell = 144 to 151
29	5	55	-52	46	0	12	-43	cell = 152 to 159
8	-52	18	-29	51	0	78	-4	cell = 160 to 167
28	-16	50	26	36	14	42	-39	cell = 168 to 175
36	-11	51	-32	85	3	85	2	cell = 176 to 183
35	8	89	2	48	35	75	7	cell = 184 to 191
47	11	40	-24	58	7	38	-13	cell = 192 to 199
44	5	49	-8	48	15	6	-1	cell = 200 to 207
48	-1	27	21	69	-19	50	-29	cell = 208 to 215
72	0	54	12	34	17	19	5	cell = 216 to 223
23	12	29	-26	54	30	50	-9	cell = 224 to 231
57	-14	41	6	45	-6	23	-10	cell = 232 to 239
49	-36	83	15	48	13	46	43	cell = 240 to 247
13	-4	42	0	22	23	19	-50	cell = 248 to 255
69	24	14	-35	24	-8	37	4	cell = 256 to 263
90	23	39	-39	48	32	44	-27	cell = 264 to 271
31	-48	55	10	34	-8	91	-13	cell = 272 to 279
53	6	56	15	81	-18	53	-20	cell = 280 to 287
5	-15	19	6	73	6	50	-22	cell = 288 to 295
24	-38	28	-9	38	-10	26	-14	cell = 296 to 303
33	6	47	20	51	-11	59	46	cell = 304 to 311
51	5	61	-18	3	0	17	-27	cell = 312 to 319
49	5	47	0	17	2	45	-15	cell = 320 to 327
36	-10	39	-8	8	-13	59	19	cell = 328 to 335
32	31	62	-19	52	9	51	-28	cell = 336 to 343
33	-30	36	-19	-12	2	58	-4	cell = 344 to 351
31	5	35	-18	54	20	46	8	cell = 352 to 359
32	8	31	-25	40	-24	10	5	cell = 360 to 367
27	16	37	-21	68	7	60	-37	cell = 368 to 375
41	5	46	21	-3	-3	58	-7	cell = 376 to 383
51	-25	26	0	47	-23	51	24	cell = 384 to 391
44	-26	28	13	48	-1	60	-6	cell = 392 to 399
24	15	69	-4	41	-7	77	-8	cell = 400 to 407
16	-22	3	5	24	-51	46	53	cell = 408 to 415
46	5	70	18	51	-27	44	-20	cell = 416 to 423
62	4	47	-22	66	5	14	6	cell = 424 to 431
35	5	20	3	51	-11	67	-33	cell = 432 to 439
77	3	31	-26	44	27	25	-2	cell = 440 to 447
37	-22	70	0	48	8	23	-2	cell = 448 to 455
45	-24	43	23	63	-27	59	-17	cell = 456 to 463
55	-31	42	-5	37	-34	37	24	cell = 464 to 471
70	-31	52	23	42	-22	52	0	cell = 472 to 479
35	-20	69	-41	57	3	63	-76	cell = 480 to 487
81	-28	64	-17	41	1	52	-30	cell = 488 to 495
-14	7	-26	-112	-15	-41	-17	-107	cell = 496 to 503
64	-4	46	-18	5	-7	0	-38	cell = 504 to 511
-22	-40	-36	-2	-19	-10	-31	3	cell = 512 to 519
-34	8	-20	8	-14	11	25	4	cell = 520 to 527
1	-40	-16	-47	18	-26	-16	-12	cell = 528 to 535
-9	-11	0	9	34	-6	-14	-35	cell = 536 to 543
-15	-39	-8	15	-33	32	-19	-17	cell = 544 to 551
-10	-10	3	10	1	0	-6	-12	cell = 552 to 559
15	-15	-29	18	-9	-20	11	1	cell = 560 to 567
-23	-7	-42	-4	-30	-20	-77	-38	cell = 568 to 575
0	6	-54	-5	-31	-4	-5	-25	cell = 576 to 583
-67	-8	-23	-24	-16	-10	-3	-21	cell = 584 to 591
-21	-27	-28	-23	-13	-38	-20	36	cell = 592 to 599
-51	27	-1	-28	-20	-28	-23	-14	cell = 600 to 607
-37	18	-7	26	-12	-32	17	8	cell = 608 to 615
1	-34	-33	-8	-11	-5	-18	-8	cell = 616 to 623
-32	-24	0	-11	-36	-3	-13	-35	cell = 624 to 631
-12	5	-36	-41	-59	-23	-23	-37	cell = 632 to 639
-36	-18	-17	-35	-6	3	-48	-22	cell = 640 to 647
-28	11	10	1	24	-7	-13	-11	cell = 648 to 655
-42	-14	-14	-60	-46	-38	-28	0	cell = 656 to 663
-5	-10	-18	-13	13	-29	-44	-29	cell = 664 to 671
-11	-14	-9	17	9	14	10	-23	cell = 672 to 679
-14	17	-43	-22	-39	2	-40	50	cell = 680 to 687
8	42	-16	-40	-4	-32	-27	-20	cell = 688 to 695
-16	28	-14	-26	-38	-27	-38	1	cell = 696 to 703
-44	-13	-2	-24	-33	-6	-35	-45	cell = 704 to 711
-16	-48	8	1	-11	-19	-32	-25	cell = 712 to 719
-27	-30	-35	-7	-55	-9	24	33	cell = 720 to 727
-12	-2	-40	1	-49	-20	-27	-26	cell = 728 to 735
-46	-10	-8	-27	-16	-21	0	-2	cell = 736 to 743
-26	-13	-4	-16	-32	-5	-24	-12	cell = 744 to 751
33	2	2	-72	-36	-34	-40	-10	cell = 752 to 759
-39	-20	-8	2	-58	-34	-60	-18	cell = 760 to 767
-7	-38	-14	-47	-34	-18	-27	13	cell = 768 to 775
-12	-21	20	9	-49	11	-49	-8	cell = 776 to 783
25	-2	-7	-42	-18	4	-21	-7	cell = 784 to 791
-24	-18	-49	-18	-40	-43	-43	-25	cell = 792 to 799
-23	-9	-46	-5	26	26	-1	-21	cell = 800 to 807
-8	-39	-33	-22	-8	-3	-7	-40	cell = 808 to 815
11	0	-16	-9	-25	12	-2	8	cell = 816 to 823
-15	-19	-14	0	-37	-35	0	10	cell = 824 to 831
-70	-37	-11	-14	-11	21	-15	-14	cell = 832 to 839
7	-20	-58	-15	-7	-33	-2	-23	cell = 840 to 847
-50	-8	19	11	-19	-53	-36	-7	cell = 848 to 855
-33	4	-35	-40	-23	-43	-26	-26	cell = 856 to 863
-53	-27	-28	4	-28	-18	-14	-5	cell = 864 to 871
-66	-15	-15	2	-5	7	-2	-50	cell = 872 to 879
-17	-6	-36	-34	-37	-22	-36	-26	cell = 880 to 887
-18	-6	-33	-12	-23	-44	-49	-27	cell = 888 to 895
-17	-20	-22	3	-18	-17	42	2	cell = 896 to 903
-31	-21	-43	29	13	-11	-10	21	cell = 904 to 911
-28	-28	-6	14	-34	5	-2	3	cell = 912 to 919
-22	5	-2	-33	-14	-22	-36	-40	cell = 920 to 927
-31	-19	-38	-1	-31	-20	7	40	cell = 928 to 935
-36	-13	39	21	-20	-27	-24	-19	cell = 936 to 943
-49	0	-32	23	-81	-5	-16	-33	cell = 944 to 951
-31	-26	-55	-44	-31	-51	-26	-39	cell = 952 to 959
0	-53	-23	-29	-37	-10	-6	-21	cell = 960 to 967
-56	-13	8	-18	-65	-35	6	40	cell = 968 to 975
-54	-57	-43	7	-24	-43	-7	-19	cell = 976 to 983
6	-37	-62	-31	3	-2	-10	-2	cell = 984 to 991
-43	-15	-28	-21	-9	-42	1	-26	cell = 992 to 999
-63	-36	-23	-21	-34	-24	-23	0	cell = 1000 to 1007
15	-2	-55	-42	22	1	-31	-21	cell = 1008 to 1015
-15	8	-20	14	-2	-36	-14	-21	cell = 1016 to 1023
Calibration values from cell 0 to 1024 for channel 3:

32	2	58	1	53	-4	81	-11	cell = 0 to 7
25	34	49	-11	77	-27	34	7	cell = 8 to 15
66	-2	26	-33	41	-15	35	-6	cell = 16 to 23
56	-6	19	-2	41	-21	8	-13	cell = 24 to 31
15	31	24	-19	41	-7	52	-8	cell = 32 to 39
29	4	28	8	23	-18	17	-36	cell = 40 to 47
30	-8	15	-24	-2	13	51	7	cell = 48 to 55
9	-6	14	17	45	17	61	11	cell = 56 to 63
48	-4	22	-7	-32	-17	34	-6	cell = 64 to 71
92	8	77	-37	35	-5	41	9	cell = 72 to 79
52	-7	38	-1	35	-21	60	12	cell = 80 to 87
49	-13	32	31	49	-19	16	-4	cell = 88 to 95
-2	-18	18	-23	27	3	63	-46	cell = 96 to 103
61	-28	82	4	58	32	46	-12	cell = 104 to 111
3	5	70	-14	27	21	33	-39	cell = 112 to 119
30	-20	49	-4	49	-7	61	-59	cell = 120 to 127
46	15	14	-24	50	-27	26	36	cell = 128 to 135
35	32	36	-44	44	-1	17	11	cell = 136 to 143
8	11	21	19	32	31	34	18	cell = 144 to 151
51	13	17	-7	30	5	78	3	cell = 152 to 159
56	2	54	12	30	8	18	-6	cell = 160 to 167
53	-27	25	-11	29	-18	38	-50	cell = 168 to 175
72	-35	18	28	64	-21	32	-48	cell = 176 to 183
52	12	40	-7	33	34	34	4	cell = 184 to 191
17	11	51	-13	52	17	56	12	cell = 192 to 199
-27	0	61	21	43	1	56	1	cell = 200 to 207
23	-3	71	43	62	4	76	-17	cell = 208 to 215
30	13	14	-32	54	30	22	-51	cell = 216 to 223
48	-27	62	31	41	20	56	22	cell = 224 to 231
34	6	53	-10	54	-27	11	18	cell = 232 to 239
43	-15	23	-12	34	-20	36	2	cell = 240 to 247
36	37	67	-9	45	1	34	-52	cell = 248 to 255
34	7	33	5	109	-6	64	-26	cell = 256 to 263
25	-23	49	-15	39	-7	48	-12	cell = 264 to 271
74	7	54	-10	42	-29	30	28	cell = 272 to 279
48	-4	60	-52	27	-16	63	12	cell = 280 to 287
31	-2	36	-2	28	1	12	-3	cell = 288 to 295
63	-27	55	-19	21	14	84	2	cell = 296 to 303
28	8	36	-38	78	14	-4	-18	cell = 304 to 311
19	20	57	7	45	-49	15	-29	cell = 312 to 319
28	-15	38	-3	56	-5	38	8	cell = 320 to 327
63	33	30	-8	57	-9	57	3	cell = 328 to 335
23	-5	64	5	47	0	45	-21	cell = 336 to 343
45	27	31	-3	37	-10	53	-32	cell = 344 to 351
26	-7	17	-40	39	-31	76	-16	cell = 352 to 359
44	-23	20	29	28	-22	0	13	cell = 360 to 367
41	-5	84	32	48	4	65	51	cell = 368 to 375
59	-9	42	-18	19	-10	39	-53	cell = 376 to 383
15	-27	24	-26	24	0	39	-23	cell = 384 to 391
62	20	23	-60	36	8	-5	2	cell = 392 to 399
59	19	43	1	20	33	42	-19	cell = 400 to 407
22	33	18	-16	63	-4	17	-48	cell = 408 to 415
17	4	41	4	26	21	38	22	cell = 416 to 423
44	-18	29	-3	55	17	63	12	cell = 424 to 431
34	-15	29	-6	28	29	44	10	cell = 432 to 439
37	10	38	15	22	-38	17	7	cell = 440 to 447
-8	4	82	-30	41	-3	30	33	cell = 448 to 455
25	-2	69	9	31	-26	26	-21	cell = 456 to 463
62	-19	19	-21	108	32	45	2	cell = 464 to 471
5	-7	64	8	40	-4	2	-3	cell = 472 to 479
32	11	39	14	64	8	57	3	cell = 480 to 487
14	12	93	-6	83	40	60	-6	cell = 488 to 495
23	-4	-41	-85	-36	-56	-36	-71	cell = 496 to 503
8	10	24	3	-11	-38	31	10	cell = 504 to 511
2	-26	-36	-7	-33	-42	-3	-3	cell = 512 to 519
-50	-27	-8	12	-9	-15	-40	-17	cell = 520 to 527
-26	-22	-23	0	-11	-36	-25	-15	cell = 528 to 535
-30	13	-20	-48	-22	-42	1	16	cell = 536 to 543
-63	12	-25	-13	2	-22	-28	-36	cell = 544 to 551
-14	-38	-21	-19	-7	-44	16	36	cell = 552 to 559
-12	-40	-20	8	-54	-15	-71	7	cell = 560 to 567
-10	-43	-37	-8	-34	-19	-32	-21	cell = 568 to 575
-41	-20	-35	-6	-45	-2	-31	-24	cell = 576 to 583
-30	-24	-35	4	-40	-8	-68	-2	cell = 584 to 591
-47	-33	-27	-44	-43	-50	-5	-10	cell = 592 to 599
-7	9	-21	-25	-9	12	-29	-4	cell = 600 to 607
-29	-36	-44	-7	-17	-38	-38	-31	cell = 608 to 615
3	13	-21	-18	-14	7	-16	-49	cell = 616 to 623
-54	-11	2	-12	-31	-9	-30	-18	cell = 624 to 631
-31	-58	-29	38	17	-3	-39	8	cell = 632 to 639
-33	23	-12	-17	6	12	0	-28	cell = 640 to 647
-25	18	-28	-10	-39	-22	-13	-30	cell = 648 to 655
8	2	14	13	2	15	-47	3	cell = 656 to 663
-9	-31	21	22	-16	-32	18	-50	cell = 664 to 671
4	-34	-10	-40	-17	24	-16	-29	cell = 672 to 679
-24	-50	-28	-4	13	-38	-36	-6	cell = 680 to 687
-40	-41	-33	5	-37	-21	1	4	cell = 688 to 695
-34	-5	-11	-38	-10	-33	-32	-22	cell = 696 to 703
-45	-21	-16	6	-6	-20	-19	-29	cell = 704 to 711
6	8	25	4	-20	10	-27	-10	cell = 712 to 719
2	24	-27	-1	-37	6	-51	-25	cell = 720 to 727
-6	-30	-19	10	-24	-18	-34	-49	cell = 728 to 735
-14	-4	10	-8	-14	-4	-53	-10	cell = 736 to 743
-59	18	-28	-47	-4	-61	0	-25	cell = 744 to 751
-27	-9	-37	-20	-4	-8	-11	-19	cell = 752 to 759
-5	-1	-38	-7	-37	45	3	2	cell = 760 to 767
-50	-30	-34	-30	-39	-30	-46	7	cell = 768 to 775
-45	9	16	6	-21	-31	-28	-31	cell = 776 to 783
-46	10	-48	-26	-60	-3	9	-30	cell = 784 to 791
-7	-12	-3	-13	-41	-44	-47	0	cell = 792 to 799
-37	-29	-28	4	-25	-61	-9	28	cell = 800 to 807
-25	-11	-2	3	-47	-9	15	11	cell = 808 to 815
-37	3	-18	-13	-28	1	-33	7	cell = 816 to 823
-21	-12	-41	-37	-16	8	5	-10	cell = 824 to 831
-52	15	-9	5	-30	-15	-27	-25	cell = 832 to 839
-14	-34	-29	17	-18	-10	10	-17	cell = 840 to 847
0	-4	-42	22	-4	-1	-62	-25	cell = 848 to 855
-31	-11	16	-6	-22	-13	-35	-19	cell = 856 to 863
-14	-39	-27	17	6	-46	-49	2	cell = 864 to 871
-44	-18	-14	-2	8	-2	-13	-29	cell = 872 to 879
-14	-39	22	-8	-44	17	-9	14	cell = 880 to 887
-5	3	-21	-55	-29	-14	-44	6	cell = 888 to 895
-3	-34	-14	-26	4	-14	-70	2	cell = 896 to 903
26	-11	-14	-45	-46	-11	44	-28	cell = 904 to 911
-11	-10	-38	-25	-33	-12	19	0	cell = 912 to 919
9	-42	-8	-21	-3	-22	-20	-4	cell = 920 to 927
-11	16	-1	-3	-35	-13	-24	-67	cell = 928 to 935
-39	-36	29	-39	-29	48	-42	2	cell = 936 to 943
26	4	-33	-16	-12	9	-24	12	cell = 944 to 951
-42	-21	-27	-31	-8	-6	-21	-31	cell = 952 to 959
-21	6	9	-1	3	16	-48	1	cell = 960 to 967
-10	-18	-14	-7	-33	-14	-19	-13	cell = 968 to 975
-68	-8	-27	-19	14	3	-62	2	cell = 976 to 983
-32	19	-56	-9	-33	-41	-51	-37	cell = 984 to 991
-29	-2	18	-31	-42	10	-14	-22	cell = 992 to 999
-25	-26	-32	-5	18	-21	-17	-32	cell = 1000 to 1007
-55	-31	-13	21	-37	-11	-28	-26	cell = 1008 to 1015
-38	-13	-36	-10	-20	-5	-42	-26	cell = 1016 to 1023
Calibration values from cell 0 to 1024 for channel 4:

30	-31	49	9	25	11	46	-16	cell = 0 to 7
38	11	38	22	38	5	39	-3	cell = 8 to 15
32	8	69	-50	4	-3	32	-15	cell = 16 to 23
31	1	39	-18	69	3	39	-45	cell = 24 to 31
13	-1	75	-15	40	-26	65	-19	cell = 32 to 39
58	-26	41	-20	54	-23	28	-7	cell = 40 to 47
76	13	29	0	65	21	51	0	cell = 48 to 55
18	-40	0	8	30	-27	53	4	cell = 56 to 63
49	-5	36	-9	40	-22	70	-22	cell = 64 to 71
48	0	-3	6	43	-26	47	-25	cell = 72 to 79
42	49	70	21	43	-4	53	-4	cell = 80 to 87
18	-14	60	7	19	-20	19	-29	cell = 88 to 95
43	-21	17	11	19	2	27	-15	cell = 96 to 103
45	1	28	-21	35	-7	36	8	cell = 104 to 111
30	11	28	-42	36	17	13	5	cell = 112 to 119
45	-37	28	-34	26	-39	45	-31	cell = 120 to 127
51	-34	32	-57	45	12	22	4	cell = 128 to 135
39	-32	23	-21	56	-18	35	-14	cell = 136 to 143
25	-3	47	-14	49	13	76	-3	cell = 144 to 151
69	-26	53	-40	29	-7	7	7	cell = 152 to 159
10	37	75	-6	72	-33	60	0	cell = 160 to 167
93	23	42	-22	79	-1	85	-34	cell = 168 to 175
49	6	80	6	58	-7	22	-7	cell = 176 to 183
-10	18	34	-20	46	6	30	-42	cell = 184 to 191
18	-46	40	3	36	1	84	-12	cell = 192 to 199
36	0	26	-22	20	6	56	-57	cell = 200 to 207
57	-15	77	-45	56	3	9	-9	cell = 208 to 215
46	-39	57	-26	25	11	19	-20	cell = 216 to 223
53	-34	55	-23	50	-11	22	-14	cell = 224 to 231
1	7	15	-33	47	1	21	-9	cell = 232 to 239
46	30	28	-15	38	-21	59	16	cell = 240 to 247
86	19	40	-18	30	40	32	-3	cell = 248 to 255
51	10	30	31	43	-13	72	26	cell = 256 to 263
62	12	36	-6	80	12	56	-35	cell = 264 to 271
56	-14	59	16	112	1	51	-14	cell = 272 to 279
3	-7	66	6	63	10	10	-19	cell = 280 to 287
55	-20	19	0	43	-18	53	16	cell = 288 to 295
34	8	34	4	55	4	68	-15	cell = 296 to 303
50	6	28	-52	39	-25	27	-13	cell = 304 to 311
63	-39	43	12	38	10	62	11	cell = 312 to 319
66	-23	48	-12	40	-6	67	21	cell = 320 to 327
63	-30	23	20	73	0	61	-29	cell = 328 to 335
69	7	40	-7	43	-36	67	11	cell = 336 to 343
39	-9	43	-19	35	-31	47	-26	cell = 344 to 351
10	15	49	9	55	12	54	9	cell = 352 to 359
41	-9	34	8	60	-18	33	-2	cell = 360 to 367
44	0	53	-8	85	-23	19	31	cell = 368 to 375
24	-35	50	-10	8	-47	29	-8	cell = 376 to 383
40	-34	28	1	72	-27	63	0	cell = 384 to 391
26	-11	49	-44	42	5	45	2	cell = 392 to 399
71	15	65	-13	55	1	77	17	cell = 400 to 407
55	23	48	-21	27	-13	1	5	cell = 408 to 415
20	-6	13	-11	99	2	50	-25	cell = 416 to 423
70	20	60	-3	47	-15	55	14	cell = 424 to 431
-21	-26	53	8	21	-11	52	-28	cell = 432 to 439
33	-4	27	-19	9	-27	1	11	cell = 440 to 447
25	-48	55	-24	32	-16	33	-5	cell = 448 to 455
68	17	21	-32	66	-8	14	-4	cell = 456 to 463
47	-4	50	20	25	0	27	-23	cell = 464 to 471
30	7	81	-6	16	18	49	1	cell = 472 to 479
27	-22	55	-2	59	34	45	-20	cell = 480 to 487
28	-4	65	-9	41	-7	19	-13	cell = 488 to 495
64	-33	-39	-73	-9	-83	-22	-98	cell = 496 to 503
50	-10	30	-53	20	-28	21	-8	cell = 504 to 511
0	-55	-2	-9	-43	-49	-67	13	cell = 512 to 519
-42	-28	-28	-15	-39	-15	-35	1	cell = 520 to 527
-28	17	-10	7	-2	-33	-21	-7	cell = 528 to 535
-27	-8	-13	-17	-42	15	17	-2	cell = 536 to 543
-20	11	-7	-45	-13	-11	-5	-8	cell = 544 to 551
-12	-1	-3	-9	11	-34	-6	16	cell = 552 to 559
27	-6	-22	-47	8	-37	-12	-26	cell = 560 to 567
0	-30	-37	-20	-28	2	-60	-17	cell = 568 to 575
-30	-41	-11	-22	-15	24	-20	-22	cell = 576 to 583
-11	-3	-5	7	-18	-51	-16	-29	cell = 584 to 591
11	-35	-45	-18	-18	-9	-21	-20	cell = 592 to 599
6	8	0	-36	30	-25	3	-29	cell = 600 to 607
-10	-46	-31	-17	-25	-33	-43	-5	cell = 608 to 615
-35	-46	-34	-27	-15	-41	-32	26	cell = 616 to 623
-27	-14	3	-9	-5	-11	-31	6	cell = 624 to 631
-40	-22	-46	-48	-3	-17	-16	-22	cell = 632 to 639
-16	-19	-24	-5	-12	19	-23	20	cell = 640 to 647
-19	2	2	-5	-21	-20	-39	2	cell = 648 to 655
-25	-61	2	-4	-58	21	-18	-34	cell = 656 to 663
9	-40	-27	-6	26	26	-21	-11	cell = 664 to 671
38	-51	-14	-40	23	-24	-9	-23	cell = 672 to 679
-9	-25	-3	-12	-33	-28	-33	-26	cell = 680 to 687
-16	-10	-11	-31	-55	-24	9	-1	cell = 688 to 695
-31	58	-56	-45	-36	-18	19	0	cell = 696 to 703
-3	9	-79	17	-37	-14	-25	7	cell = 704 to 711
20	2	-37	-6	40	-13	-29	16	cell = 712 to 719
-16	-15	8	12	-6	-35	-25	-20	cell = 720 to 727
-42	-20	5	-4	-21	-16	-24	5	cell = 728 to 735
-30	-26	-21	-18	-19	-48	-55	-6	cell = 736 to 743
-31	-23	-55	-43	-26	1	-34	-13	cell = 744 to 751
-30	-28	28	-20	17	-17	-38	-2	cell = 752 to 759
-48	-39	-14	-40	-46	-54	-10	4	cell = 760 to 767
-5	-14	-25	2	-22	-20	2	16	cell = 768 to 775
-40	31	27	19	17	-40	28	-61	cell = 776 to 783
18	-14	2	-23	-36	22	-18	-16	cell = 784 to 791
-24	-28	-25	-64	-7	-14	-68	-8	cell = 792 to 799
0	-37	-29	-27	-40	24	-30	7	cell = 800 to 807
-30	14	-19	-2	-7	-16	-63	-16	cell = 808 to 815
17	-42	-3	-16	-19	20	-39	-13	cell = 816 to 823
-36	-25	-49	-42	-16	-6	-45	-20	cell = 824 to 831
-22	10	-66	48	-15	0	-41	5	cell = 832 to 839
3	-5	-9	22	2	3	-57	-24	cell = 840 to 847
16	-23	-59	-25	-1	-31	2	2	cell = 848 to 855
3	4	-28	1	-39	-16	-13	-13	cell = 856 to 863
-14	-20	-34	-46	-7	-42	-18	1	cell = 864 to 871
-8	4	-10	-21	-22	7	-52	-23	cell = 872 to 879
3	-16	-44	27	-28	-4	-11	-19	cell = 880 to 887
-43	-29	-42	10	-19	-48	-26	-23	cell = 888 to 895
-17	-17	24	7	-57	-49	5	-19	cell = 896 to 903
21	-51	-31	-40	14	-24	16	7	cell = 904 to 911
-9	-10	-47	-21	-5	-46	-24	7	cell = 912 to 919
-16	46	-58	-31	-15	-25	-47	2	cell = 920 to 927
-23	9	-38	-3	0	21	-39	1	cell = 928 to 935
-35	-28	-45	0	4	1	-21	-16	cell = 936 to 943
-31	-15	-56	-2	-26	17	-14	-9	cell = 944 to 951
-51	-30	-23	3	-17	-13	19	-36	cell = 952 to 959
-19	-9	-31	-38	0	-40	13	-18	cell = 960 to 967
-10	-17	-15	6	10	-38	-34	-45	cell = 968 to 975
13	-41	20	10	25	-26	-28	3	cell = 976 to 983
-31	2	-37	5	-7	-11	-19	-23	cell = 984 to 991
-3	-49	-36	-10	-43	9	-32	-5	cell = 992 to 999
-50	-28	12	21	-35	-36	-40	-5	cell = 1000 to 1007
-21	-22	-53	-53	-6	-7	17	-54	cell = 1008 to 1015
8	-5	-33	-45	-26	-37	-12	1	cell = 1016 to 1023
Calibration values from cell 0 to 1024 for channel 5:

12	-7	30	-31	33	-41	46	-31	cell = 0 to 7
26	12	37	19	9	-7	54	-15	cell = 8 to 15
34	37	34	5	31	-23	15	-36	cell = 16 to 23
52	24	18	-1	33	7	62	-47	cell = 24 to 31
25	-10	52	-36	38	-17	36	-20	cell = 32 to 39
63	-45	72	-57	60	-16	20	-28	cell = 40 to 47
9	14	53	-27	42	8	78	45	cell = 48 to 55
-1	1	74	-55	43	-33	31	-48	cell = 56 to 63
31	-18	65	-1	16	0	34	17	cell = 64 to 71
42	10	38	0	0	13	42	-23	cell = 72 to 79
34	-20	54	-8	50	-8	47	-9	cell = 80 to 87
41	23	51	30	22	-5	40	2	cell = 88 to 95
33	-33	19	31	71	-38	8	-11	cell = 96 to 103
72	9	45	18	38	4	73	7	cell = 104 to 111
6	13	86	-16	36	-5	13	-10	cell = 112 to 119
61	-33	53	-13	21	46	3	1	cell = 120 to 127
21	35	49	10	11	-38	63	-18	cell = 128 to 135
49	-22	54	10	32	-63	95	0	cell = 136 to 143
29	0	52	0	30	15	31	-43	cell = 144 to 151
2	-10	28	-52	37	0	54	-28	cell = 152 to 159
47	16	46	-31	15	37	71	-39	cell = 160 to 167
86	26	29	0	-3	-31	23	36	cell = 168 to 175
71	13	33	-17	33	-34	41	3	cell = 176 to 183
68	4	38	13	38	-23	56	-4	cell = 184 to 191
46	-16	91	7	43	-5	44	-7	cell = 192 to 199
37	7	26	15	18	-16	62	-10	cell = 200 to 207
31	5	21	-58	29	12	21	-18	cell = 208 to 215
93	19	74	-23	37	-10	-2	-3	cell = 216 to 223
39	-4	50	31	81	16	20	2	cell = 224 to 231
57	2	38	-23	62	-34	65	28	cell = 232 to 239
73	11	37	13	69	-9	21	-6	cell = 240 to 247
54	0	27	-4	66	-29	38	-5	cell = 248 to 255
41	6	-3	8	69	-22	53	-19	cell = 256 to 263
64	-4	79	-22	39	-22	62	7	cell = 264 to 271
3	2	67	1	92	-3	47	-23	cell = 272 to 279
65	-29	48	8	47	-8	68	4	cell = 280 to 287
67	43	28	-2	31	-8	42	-15	cell = 288 to 295
63	-15	54	-18	27	-11	71	-6	cell = 296 to 303
31	-7	51	-25	30	-44	86	6	cell = 304 to 311
55	26	70	36	65	26	5	-12	cell = 312 to 319
2	-8	20	10	32	-3	39	-18	cell = 320 to 327
12	-2	29	-24	44	3	58	-46	cell = 328 to 335
64	-48	19	-21	57	2	31	27	cell = 336 to 343
32	-5	33	8	66	4	59	0	cell = 344 to 351
14	-40	54	-19	54	12	24	31	cell = 352 to 359
46	3	36	23	28	-7	58	-31	cell = 360 to 367
42	-19	75	-29	27	-25	24	17	cell = 368 to 375
46	11	72	-28	36	-29	62	-34	cell = 376 to 383
18	-6	45	-30	72	8	78	13	cell = 384 to 391
58	2	44	-5	50	-7	74	-20	cell = 392 to 399
43	-52	81	48	6	-20	35	-4	cell = 400 to 407
30	4	61	-3	73	-26	50	-23	cell = 408 to 415
64	-27	51	6	55	2	65	2	cell = 416 to 423
54	-9	35	17	39	10	60	0	cell = 424 to 431
55	-33	12	8	42	-28	59	28	cell = 432 to 439
70	-11	39	13	16	-12	64	-41	cell = 440 to 447
55	15	57	10	19	14	5	-5	cell = 448 to 455
56	-46	82	-4	1	-17	23	22	cell = 456 to 463
50	-17	81	-13	10	19	35	12	cell = 464 to 471
8	-10	30	-18	56	-12	4	-12	cell = 472 to 479
22	-23	54	24	50	36	54	47	cell = 480 to 487
45	5	26	-14	14	-8	50	-5	cell = 488 to 495
36	20	-5	-111	-2	-65	-15	-82	cell = 496 to 503
81	-31	25	-33	26	15	72	13	cell = 504 to 511
-66	7	-25	-28	-6	-43	-50	-6	cell = 512 to 519
-3	11	-33	-18	12	9	-20	7	cell = 520 to 527
-6	6	-3	12	-1	-7	32	-20	cell = 528 to 535
-32	-5	-35	34	-27	-49	-26	-4	cell = 536 to 543
-20	-26	-24	3	-29	-47	-3	0	cell = 544 to 551
-22	4	-6	-18	-72	-33	-29	-36	cell = 552 to 559
-17	-46	26	-13	-43	-48	-8	10	cell = 560 to 567
-46	-8	-23	-21	-52	-2	-17	-23	cell = 568 to 575
-34	-3	4	9	-39	-33	-28	-3	cell = 576 to 583
-14	-1	-14	-18	25	-51	-9	-26	cell = 584 to 591
-18	-25	-39	-43	24	16	-25	-36	cell = 592 to 599
-28	24	15	-24	-32	-29	5	5	cell = 600 to 607
-13	10	-23	2	-26	12	13	-27	cell = 608 to 615
-14	-34	27	-6	-11	-51	-7	-14	cell = 616 to 623
-52	-3	-19	3	-24	-50	-14	-34	cell = 624 to 631
-28	-6	-3	-56	-23	8	-5	-48	cell = 632 to 639
-39	-23	-12	-6	26	-16	-22	-8	cell = 640 to 647
-24	-19	-19	-38	29	-5	-13	22	cell = 648 to 655
-20	-42	1	-3	-31	13	-16	-13	cell = 656 to 663
-6	-32	-44	5	-7	-34	-19	-36	cell = 664 to 671
-52	-19	-49	-35	-5	4	-58	-47	cell = 672 to 679
5	-33	-19	-19	-8	1	-66	21	cell = 680 to 687
-5	-23	-25	7	-16	-10	-32	-13	cell = 688 to 695
-10	-47	-18	-23	-23	-20	-21	-33	cell = 696 to 703
4	4	-51	-38	-14	-63	-31	-10	cell = 704 to 711
2	-12	-26	7	-33	21	-34	-30	cell = 712 to 719
-13	5	0	-28	-1	2	-29	-35	cell = 720 to 727
-44	-22	-22	-8	-28	-25	-14	-64	cell = 728 to 735
-34	16	-19	-2	1	-46	-20	-42	cell = 736 to 743
-7	13	-23	-11	12	-16	-15	-12	cell = 744 to 751
6	0	-33	-29	0	-23	-17	-1	cell = 752 to 759
-18	-68	-42	-44	-22	-51	-38	-32	cell = 760 to 767
-8	15	-21	-42	-18	-66	-24	-13	cell = 768 to 775
6	22	-53	-5	-29	21	-4	-22	cell = 776 to 783
-14	-9	-41	-42	-21	-47	-31	-14	cell = 784 to 791
-44	-32	-4	12	-13	-12	-21	3	cell = 792 to 799
-15	6	3	-5	-40	13	-28	-11	cell = 800 to 807
-17	-15	-58	-40	-3	-20	-26	22	cell = 808 to 815
-22	-29	-47	0	-16	-22	-29	-35	cell = 816 to 823
-48	12	-3	-28	-17	0	17	-54	cell = 824 to 831
-40	0	-7	-30	-17	-8	-4	-11	cell = 832 to 839
10	24	12	-25	17	-23	-33	-27	cell = 840 to 847
-13	-18	-6	-38	-43	-3	0	-16	cell = 848 to 855
-51	-45	14	6	-35	-3	-71	-42	cell = 856 to 863
-26	26	-10	-13	-41	-21	-21	-41	cell = 864 to 871
-31	-26	-13	-9	-46	-52	-37	12	cell = 872 to 879
-8	-5	-27	-47	-24	-12	-57	-23	cell = 880 to 887
-16	-36	-35	1	-50	-46	-30	-5	cell = 888 to 895
-18	0	-30	-56	-24	-11	23	-9	cell = 896 to 903
-17	-28	-2	-17	-3	-6	-41	-33	cell = 904 to 911
-2	2	-60	-17	-14	3	-11	-30	cell = 912 to 919
-45	-36	-38	-20	-34	-51	-20	-23	cell = 920 to 927
-1	-22	-13	-76	-14	-40	37	-17	cell = 928 to 935
-42	18	-12	-25	17	-7	-47	30	cell = 936 to 943
-7	3	12	8	37	-11	3	-26	cell = 944 to 951
11	-31	-17	-50	-50	-3	-31	-23	cell = 952 to 959
-18	-3	17	-21	2	-21	-27	-32	cell = 960 to 967
-2	-14	-40	5	-11	-18	-5	50	cell = 968 to 975
-3	-32	-27	-58	4	-33	-34	-9	cell = 976 to 983
-29	-45	-28	-40	19	-31	-10	-16	cell = 984 to 991
-17	-30	-28	-25	2	-12	-5	-22	cell = 992 to 999
-11	-13	13	9	14	-47	-12	-44	cell = 1000 to 1007
5	-56	-7	6	-33	-13	-57	-38	cell = 1008 to 1015
-28	-42	-15	-24	-54	-12	-45	-11	cell = 1016 to 1023
Calibration values from cell 0 to 1024 for channel 6:

2	14	32	-21	56	-6	44	-2	cell = 0 to 7
70	-26	53	-12	41	-11	25	7	cell = 8 to 15
19	-17	60	16	58	-14	49	-29	cell = 16 to 23
59	-8	48	25	29	25	42	-13	cell = 24 to 31
-17	18	53	2	29	-10	30	4	cell = 32 to 39
43	-3	64	-60	14	4	49	-23	cell = 40 to 47
52	39	17	-10	36	7	36	-2	cell = 48 to 55
44	-1	66	-16	7	12	33	6	cell = 56 to 63
39	-30	48	3	67	19	65	5	cell = 64 to 71
48	-7	69	1	42	-2	42	33	cell = 72 to 79
67	26	36	20	60	-12	36	12	cell = 80 to 87
8	19	42	-27	37	-3	12	-10	cell = 88 to 95
39	-2	66	19	87	-48	37	-13	cell = 96 to 103
48	19	43	-16	47	-5	16	15	cell = 104 to 111
59	-31	38	-6	52	25	68	-4	cell = 112 to 119
17	-2	40	4	28	-6	22	43	cell = 120 to 127
19	28	40	-20	81	29	35	-41	cell = 128 to 135
36	25	51	-24	48	-29	68	10	cell = 136 to 143
42	-24	61	-24	17	-38	60	12	cell = 144 to 151
10	-31	14	-16	1	3	49	4	cell = 152 to 159
19	-46	29	-41	56	7	44	-4	cell = 160 to 167
57	11	42	-31	21	-13	20	-1	cell = 168 to 175
36	9	37	5	36	-17	42	-32	cell = 176 to 183
40	-10	29	2	27	-9	43	-20	cell = 184 to 191
61	12	11	-26	29	-2	52	-15	cell = 192 to 199
62	18	45	-12	64	-19	38	-22	cell = 200 to 207
33	-49	26	-27	66	1	65	-24	cell = 208 to 215
19	-49	53	-37	4	-44	40	1	cell = 216 to 223
16	2	56	-11	32	33	54	33	cell = 224 to 231
41	-10	77	12	40	-44	22	-3	cell = 232 to 239
67	-2	68	-6	59	-14	48	-13	cell = 240 to 247
25	35	20	-43	21	43	39	-40	cell = 248 to 255
18	-29	9	-13	53	-26	50	-13	cell = 256 to 263
91	-12	22	-20	56	19	44	2	cell = 264 to 271
23	-1	68	69	11	-5	18	7	cell = 272 to 279
47	-45	60	-11	49	20	43	-5	cell = 280 to 287
64	-6	63	21	58	16	50	-12	cell = 288 to 295
63	17	21	-32	60	-24	41	31	cell = 296 to 303
48	-8	75	-6	77	10	35	-19	cell = 304 to 311
31	-1	24	-44	44	-8	35	-28	cell = 312 to 319
30	0	55	12	25	27	74	15	cell = 320 to 327
36	-27	24	-34	1	-6	44	-24	cell = 328 to 335
25	27	71	-39	44	3	57	-21	cell = 336 to 343
21	39	28	2	13	9	13	3	cell = 344 to 351
82	-11	64	-7	50	0	23	-7	cell = 352 to 359
40	13	48	-31	82	-42	77	-7	cell = 360 to 367
80	19	55	-5	54	-5	36	23	cell = 368 to 375
40	-14	41	-20	25	18	48	-4	cell = 376 to 383
9	-3	73	27	22	1	45	-22	cell = 384 to 391
35	24	35	-6	52	40	26	-10	cell = 392 to 399
38	16	44	9	39	-36	29	-20	cell = 400 to 407
48	9	24	11	42	-6	7	-11	cell = 408 to 415
49	18	16	-10	57	20	60	31	cell = 416 to 423
32	-48	58	-33	67	15	57	23	cell = 424 to 431
29	-25	33	-15	40	-31	30	42	cell = 432 to 439
34	-27	55	-17	50	-8	53	4	cell = 440 to 447
20	33	22	-46	46	3	40	3	cell = 448 to 455
87	-20	33	18	41	0	19	34	cell = 456 to 463
37	6	63	-6	-3	-31	8	-19	cell = 464 to 471
10	-17	27	-2	12	-29	12	-17	cell = 472 to 479
11	9	21	0	0	16	66	-3	cell = 480 to 487
75	-20	50	13	44	-38	4	-28	cell = 488 to 495
20	-14	-58	-93	-23	-82	-15	-54	cell = 496 to 503
49	-9	28	-34	20	-19	30	-18	cell = 504 to 511
-47	-37	-2	-8	-22	-32	-40	4	cell = 512 to 519
-8	-1	-34	-17	-11	4	0	11	cell = 520 to 527
-1	3	-10	-8	3	-6	0	-11	cell = 528 to 535
-57	-51	-1	-13	-44	10	-30	-38	cell = 536 to 543
-20	-39	-12	14	-18	-7	-12	-17	cell = 544 to 551
29	-42	6	22	-9	-24	17	-12	cell = 552 to 559
-30	-15	-10	-29	-16	-30	15	18	cell = 560 to 567
-46	15	-32	-26	-9	-35	-16	1	cell = 568 to 575
-16	-2	-35	-19	-47	14	-47	-27	cell = 576 to 583
9	-4	-20	3	-21	13	-48	-67	cell = 584 to 591
3	7	-13	-10	14	-13	-39	-7	cell = 592 to 599
-48	-29	32	-27	-4	-27	-48	11	cell = 600 to 607
17	-57	-35	-21	-14	-34	-24	21	cell = 608 to 615
-38	-26	-45	0	-6	-4	-55	-40	cell = 616 to 623
-5	6	7	-17	-20	15	-30	-27	cell = 624 to 631
19	-16	-55	-19	15	-4	-80	-45	cell = 632 to 639
-21	-28	-27	-14	7	9	-5	4	cell = 640 to 647
-38	8	-19	6	-23	-3	-25	-22	cell = 648 to 655
-21	-45	12	-56	-44	-23	-16	-12	cell = 656 to 663
-46	-20	-55	-17	-7	5	7	-24	cell = 664 to 671
9	-44	7	40	-10	-28	-13	-24	cell = 672 to 679
-9	-48	11	8	-20	0	12	14	cell = 680 to 687
40	-33	-35	-14	-19	-2	-18	-11	cell = 688 to 695
-46	-27	-38	-23	10	-13	-35	-37	cell = 696 to 703
-4	-27	-8	-13	-5	-2	-37	-31	cell = 704 to 711
-3	-38	-33	0	-21	21	-49	9	cell = 712 to 719
-17	10	-8	-35	-29	12	-15	3	cell = 720 to 727
-13	4	-2	-19	-61	-51	-25	-20	cell = 728 to 735
-8	-37	-31	-9	-36	9	-19	-8	cell = 736 to 743
-33	0	-32	-15	-54	-46	-9	-6	cell = 744 to 751
-10	-25	-3	-23	-2	-28	-9	-16	cell = 752 to 759
-32	43	-2	-15	-30	0	-49	-21	cell = 760 to 767
-35	-31	-18	-4	17	-35	-8	8	cell = 768 to 775
-11	-9	15	2	-26	-27	-28	-11	cell = 776 to 783
-18	-47	-17	-23	-13	5	-41	-20	cell = 784 to 791
14	25	-60	10	-20	13	11	-14	cell = 792 to 799
-12	19	-37	-18	-39	3	-15	-9	cell = 800 to 807
-4	-37	-38	-9	-24	-3	-29	-26	cell = 808 to 815
13	8	-19	-20	-20	-20	-4	6	cell = 816 to 823
-29	3	-7	-30	-29	-25	-21	-12	cell = 824 to 831
0	-44	-31	-25	-5	-21	-23	-29	cell = 832 to 839
14	-31	-27	6	-7	13	-23	-53	cell = 840 to 847
18	-10	1	-20	-36	15	-60	-5	cell = 848 to 855
-11	-23	-39	7	-22	-34	-27	-4	cell = 856 to 863
-45	-32	9	-29	-4	5	-3	-7	cell = 864 to 871
-22	-47	1	-16	-39	-22	-9	10	cell = 872 to 879
-25	-6	8	12	-78	-33	-27	23	cell = 880 to 887
-21	-31	-12	-47	-14	14	-36	-29	cell = 888 to 895
-23	-12	-56	-3	-5	-31	15	-33	cell = 896 to 903
-18	11	7	18	-50	15	3	-25	cell = 904 to 911
-38	-39	-33	8	-29	-16	47	31	cell = 912 to 919
-37	-9	-16	-4	-25	-28	2	-2	cell = 920 to 927
-62	-8	-36	-32	-10	-65	-47	13	cell = 928 to 935
-39	-51	-19	-40	-12	-44	-44	6	cell = 936 to 943
-34	-25	-4	-25	-15	8	7	-2	cell = 944 to 951
-58	8	-41	9	-52	-15	-39	-28	cell = 952 to 959
-26	16	-28	-33	-20	-27	-22	-19	cell = 960 to 967
-59	-45	-22	22	10	9	-1	-8	cell = 968 to 975
3	2	-30	-24	9	-28	-24	-25	cell = 976 to 983
-62	-15	-76	-27	-36	-34	-63	-32	cell = 984 to 991
-34	-42	1	9	-33	-9	-41	-9	cell = 992 to 999
25	-44	-58	-13	-46	-1	14	-43	cell = 1000 to 1007
-16	-23	-61	0	-38	-47	-23	-40	cell = 1008 to 1015
-33	0	-40	17	-45	-43	-31	-29	cell = 1016 to 1023
Calibration values from cell 0 to 1024 for channel 7:

27	-10	45	-40	24	-33	35	-23	cell = 0 to 7
37	6	28	-58	24	-57	80	-20	cell = 8 to 15
28	30	-5	-27	48	9	47	-34	cell = 16 to 23
49	-18	62	-28	45	-39	27	9	cell = 24 to 31
23	21	47	-28	52	8	25	-30	cell = 32 to 39
47	-27	83	-36	48	-23	28	-21	cell = 40 to 47
78	-10	27	0	53	-13	41	-16	cell = 48 to 55
52	46	87	16	30	6	35	-33	cell = 56 to 63
43	19	64	-10	32	0	22	-21	cell = 64 to 71
-13	-28	83	8	49	-7	7	12	cell = 72 to 79
71	-10	70	6	58	-7	67	-17	cell = 80 to 87
57	0	25	-13	-10	-23	20	-44	cell = 88 to 95
-3	4	47	-6	50	-20	9	-21	cell = 96 to 103
26	-9	34	17	68	-54	59	-28	cell = 104 to 111
39	-13	24	4	22	37	63	-4	cell = 112 to 119
49	16	51	-49	56	-30	45	-64	cell = 120 to 127
25	7	56	-16	12	10	52	3	cell = 128 to 135
82	18	46	6	37	-34	73	9	cell = 136 to 143
50	36	44	-18	32	4	66	-18	cell = 144 to 151
29	0	2	-42	45	8	21	11	cell = 152 to 159
64	17	-19	4	40	-11	35	-15	cell = 160 to 167
72	-14	47	-40	49	-6	30	0	cell = 168 to 175
34	15	34	-41	31	6	43	22	cell = 176 to 183
29	1	34	-7	46	-6	27	-24	cell = 184 to 191
11	3	41	15	50	-19	36	27	cell = 192 to 199
40	5	75	-25	49	-16	51	-23	cell = 200 to 207
53	-3	23	-31	3	6	17	-22	cell = 208 to 215
15	40	37	10	23	-29	48	24	cell = 216 to 223
46	-27	18	-5	30	-34	53	-23	cell = 224 to 231
35	-24	77	-18	34	-6	35	-4	cell = 232 to 239
32	12	-3	-31	43	11	57	-5	cell = 240 to 247
49	-27	41	-27	37	-9	37	-27	cell = 248 to 255
29	-25	36	17	74	-1	50	-11	cell = 256 to 263
32	28	58	-37	13	15	70	-2	cell = 264 to 271
22	-12	68	-35	32	-10	29	-26	cell = 272 to 279
2	-22	47	12	46	12	32	-39	cell = 280 to 287
31	3	55	-17	46	4	14	-2	cell = 288 to 295
52	-6	46	-2	30	-30	50	-34	cell = 296 to 303
38	1	59	0	42	-48	-7	-17	cell = 304 to 311
9	2	62	17	78	2	14	-21	cell = 312 to 319
19	-12	82	-15	19	-15	38	-34	cell = 320 to 327
70	3	61	17	49	9	45	-21	cell = 328 to 335
69	-36	16	-17	68	-3	14	-16	cell = 336 to 343
50	-7	25	-25	48	-4	62	-43	cell = 344 to 351
18	2	20	-2	84	-6	17	-21	cell = 352 to 359
28	-7	30	-20	40	-6	91	-12	cell = 360 to 367
40	-22	40	-16	23	-7	29	-4	cell = 368 to 375
61	-12	52	-24	21	-13	35	-8	cell = 376 to 383
80	-11	-3	8	80	11	-8	7	cell = 384 to 391
26	12	52	-37	42	-2	50	-6	cell = 392 to 399
49	-2	31	-47	49	10	70	16	cell = 400 to 407
39	-1	6	-14	53	1	50	-5	cell = 408 to 415
6	11	33	13	59	-39	77	2	cell = 416 to 423
-5	-22	70	-20	42	-1	46	3	cell = 424 to 431
12	5	33	21	4	8	13	13	cell = 432 to 439
66	-7	13	-29	57	-12	13	-2	cell = 440 to 447
22	18	42	-25	40	14	83	-20	cell = 448 to 455
45	7	55	-8	84	-8	37	-23	cell = 456 to 463
67	-24	53	-12	55	-51	61	-70	cell = 464 to 471
34	3	54	-9	33	-5	48	-22	cell = 472 to 479
23	-10	52	-8	60	-5	15	-33	cell = 480 to 487
59	22	46	-26	19	-11	51	-22	cell = 488 to 495
19	-27	-30	-73	-46	-73	43	-67	cell = 496 to 503
8	29	53	-18	11	-16	9	12	cell = 504 to 511
-8	-42	6	-5	-37	-19	-61	8	cell = 512 to 519
16	6	-48	3	13	-39	-13	23	cell = 520 to 527
11	-41	-36	3	-25	-9	-9	-22	cell = 528 to 535
9	-48	-24	-5	7	-34	-22	-16	cell = 536 to 543
-42	-8	-34	-12	-12	-36	-1	-25	cell = 544 to 551
-9	-48	-10	44	9	-14	-21	-6	cell = 552 to 559
-4	-7	-23	-26	0	-22	-19	-12	cell = 560 to 567
-24	-1	-31	13	1	-10	-52	1	cell = 568 to 575
-29	-20	-11	-7	-26	-7	-37	-4	cell = 576 to 583
26	-31	-52	5	-25	-11	0	1	cell = 584 to 591
-18	-32	-10	-35	23	-11	-14	-2	cell = 592 to 599
-17	0	-13	4	-15	6	-31	-26	cell = 600 to 607
-33	-38	-40	-46	-28	-14	11	-36	cell = 608 to 615
-14	3	-26	-37	-70	-5	-13	-21	cell = 616 to 623
-38	-4	-15	-32	29	-37	-7	23	cell = 624 to 631
-24	3	-42	-22	-28	-47	-26	-3	cell = 632 to 639
-1	14	-35	-12	20	-40	-34	3	cell = 640 to 647
19	-19	-15	-3	-15	9	-16	-50	cell = 648 to 655
2	-8	4	-17	-12	-17	-10	-4	cell = 656 to 663
-10	-18	-6	-35	-7	-19	-2	-6	cell = 664 to 671
14	-51	-11	-45	-15	15	6	2	cell = 672 to 679
-22	-12	10	-36	-7	-20	-24	-10	cell = 680 to 687
-14	1	-26	5	-7	-24	-31	-26	cell = 688 to 695
-44	12	9	-47	-14	-13	-27	-2	cell = 696 to 703
-76	-26	-62	16	-2	-22	0	7	cell = 704 to 711
-1	19	-21	-11	-45	-22	-32	-5	cell = 712 to 719
-53	-6	-20	-18	-13	-16	-36	23	cell = 720 to 727
-19	-16	-76	-12	-6	26	-35	-30	cell = 728 to 735
-4	-16	-12	-13	-13	-18	-12	22	cell = 736 to 743
-5	-9	-26	8	-13	1	-39	9	cell = 744 to 751
-44	-16	-41	-30	-24	-33	-33	0	cell = 752 to 759
-33	-14	-45	21	-5	-8	-6	-21	cell = 760 to 767
-31	-5	-36	-33	-8	-13	-30	-17	cell = 768 to 775
-12	-39	5	35	-6	7	-31	-16	cell = 776 to 783
-11	-24	-11	-8	-28	-6	-5	6	cell = 784 to 791
39	-18	-25	14	-38	-30	-5	-26	cell = 792 to 799
-21	-39	-40	-4	-14	-7	-36	0	cell = 800 to 807
1	26	-9	-7	37	-22	1	-10	cell = 808 to 815
-4	5	11	-53	-13	-11	5	-8	cell = 816 to 823
-32	-24	2	-6	-25	-15	-30	-6	cell = 824 to 831
-26	-50	-42	26	-24	-6	-36	-18	cell = 832 to 839
4	-26	-9	-11	-24	-7	11	-33	cell = 840 to 847
-22	-21	-28	39	-21	-27	0	-18	cell = 848 to 855
-24	-23	-25	-74	-14	-26	6	-25	cell = 856 to 863
-10	7	-18	5	-33	22	-41	-27	cell = 864 to 871
-37	-15	-34	0	-33	-8	-35	-58	cell = 872 to 879
-14	4	-11	13	1	-26	-6	-19	cell = 880 to 887
4	-13	10	-15	-15	0	-3	-45	cell = 888 to 895
-18	-35	-33	9	-16	-21	9	-17	cell = 896 to 903
-54	8	-5	7	-23	18	18	5	cell = 904 to 911
-28	-38	-45	-19	-3	10	-18	-4	cell = 912 to 919
7	-29	-14	-13	-19	-13	-43	-38	cell = 920 to 927
0	-21	21	-23	-56	2	-18	-14	cell = 928 to 935
-34	24	-5	21	-42	-11	-26	2	cell = 936 to 943
22	-43	-29	-7	-52	-19	-27	4	cell = 944 to 951
-22	-5	-6	-9	-12	8	-30	-16	cell = 952 to 959
-8	-7	4	13	-28	9	-11	-12	cell = 960 to 967
-45	2	-9	-11	-13	5	-10	-37	cell = 968 to 975
-22	-9	-32	-3	18	18	-8	12	cell = 976 to 983
-21	6	-24	-53	-27	7	-47	-19	cell = 984 to 991
-35	8	-36	8	-27	-16	-61	20	cell = 992 to 999
-53	-42	-30	2	0	-18	-6	19	cell = 1000 to 1007
-16	11	-41	-15	-23	-39	-17	-28	cell = 1008 to 1015
-53	-46	-32	-18	-23	-22	-43	24	cell = 1016 to 1023
Calibration values from cell 0 to 1024 for channel 8:

5	-10	26	-52	46	-28	47	11	cell = 0 to 7
31	-27	46	-2	5	27	49	-15	cell = 8 to 15
44	-28	65	-9	72	25	25	7	cell = 16 to 23
49	-30	6	59	53	0	17	-48	cell = 24 to 31
74	-9	29	-47	25	8	-3	-5	cell = 32 to 39
36	-4	35	-20	42	-6	31	-50	cell = 40 to 47
46	25	38	-19	41	-9	43	-25	cell = 48 to 55
46	-3	53	28	22	-18	24	-58	cell = 56 to 63
51	8	18	-1	21	-10	24	26	cell = 64 to 71
59	28	60	-19	43	-16	58	-6	cell = 72 to 79
42	-5	79	-15	37	-9	17	0	cell = 80 to 87
55	-20	21	1	23	-13	-1	-14	cell = 88 to 95
56	-11	18	1	29	-17	61	-2	cell = 96 to 103
69	27	29	-18	21	-15	28	-36	cell = 104 to 111
9	-5	73	13	46	-38	67	-6	cell = 112 to 119
13	8	52	-14	71	2	56	-8	cell = 120 to 127
60	-33	55	-32	71	-9	80	20	cell = 128 to 135
40	-10	54	-17	89	22	68	-5	cell = 136 to 143
57	16	48	10	46	13	41	5	cell = 144 to 151
34	7	7	-27	47	-20	-4	-8	cell = 152 to 159
54	-13	71	-23	74	-23	33	-14	cell = 160 to 167
27	17	63	-26	9	10	25	-27	cell = 168 to 175
67	-47	22	-45	52	38	41	16	cell = 176 to 183
57	45	47	-14	8	-9	45	-20	cell = 184 to 191
69	-22	53	30	35	-25	72	25	cell = 192 to 199
36	28	12	14	66	6	65	24	cell = 200 to 207
-2	-13	-10	22	25	-16	17	4	cell = 208 to 215
65	-40	39	3	67	-21	36	-11	cell = 216 to 223
58	12	35	5	78	3	50	-7	cell = 224 to 231
30	-42	48	-22	39	4	85	16	cell = 232 to 239
70	-5	4	7	44	-3	46	-9	cell = 240 to 247
58	-10	73	-12	24	18	30	-9	cell = 248 to 255
42	-3	32	11	21	-24	58	-2	cell = 256 to 263
71	-18	46	5	72	-13	59	-16	cell = 264 to 271
83	23	27	-40	42	12	83	-7	cell = 272 to 279
34	-12	38	-23	11	11	93	-6	cell = 280 to 287
64	-40	22	-2	73	-12	24	-32	cell = 288 to 295
15	22	42	-4	34	-21	73	-5	cell = 296 to 303
50	-9	39	-6	53	-27	38	-14	cell = 304 to 311
44	-40	95	39	27	7	51	-18	cell = 312 to 319
38	16	31	7	72	36	40	-12	cell = 320 to 327
36	5	49	-16	51	23	20	13	cell = 328 to 335
35	-8	42	0	44	-23	51	35	cell = 336 to 343
38	-24	52	34	38	-13	47	-20	cell = 344 to 351
70	-17	39	-11	57	36	14	-23	cell = 352 to 359
24	-14	12	35	25	12	44	6	cell = 360 to 367
19	3	46	-3	1	5	39	-37	cell = 368 to 375
46	-13	47	16	36	-20	51	30	cell = 376 to 383
47	11	45	22	53	0	34	40	cell = 384 to 391
56	5	50	-17	69	11	62	18	cell = 392 to 399
67	-14	14	-30	22	4	38	-19	cell = 400 to 407
117	-2	78	9	43	-8	45	0	cell = 408 to 415
63	27	27	-23	66	1	51	-12	cell = 416 to 423
62	19	46	-27	49	-42	28	-11	cell = 424 to 431
21	-9	37	-52	69	-42	81	-17	cell = 432 to 439
49	4	50	15	57	-2	51	-1	cell = 440 to 447
33	23	54	15	50	-37	18	17	cell = 448 to 455
26	7	72	5	32	14	62	5	cell = 456 to 463
41	-32	8	0	31	10	46	-4	cell = 464 to 471
41	-32	46	-26	14	-7	12	-54	cell = 472 to 479
81	15	33	-17	64	-2	82	5	cell = 480 to 487
62	-15	14	-52	75	-20	31	-48	cell = 488 to 495
54	11	-11	-84	13	-80	-25	-62	cell = 496 to 503
43	9	35	-25	26	-41	54	-23	cell = 504 to 511
-14	-11	5	-44	-42	-34	-9	-30	cell = 512 to 519
-19	-20	-40	-28	19	-18	4	-9	cell = 520 to 527
-53	29	8	-47	-37	7	-8	-40	cell = 528 to 535
-13	-10	-45	-11	-46	-38	-17	-17	cell = 536 to 543
-25	-13	-9	-16	-24	-56	-28	-11	cell = 544 to 551
-33	21	-19	-25	10	-2	-15	-46	cell = 552 to 559
3	-11	-27	-31	6	-9	-11	-18	cell = 560 to 567
-9	-36	-49	18	-21	-12	-44	5	cell = 568 to 575
-29	-17	-12	-35	-12	21	-17	10	cell = 576 to 583
-12	-1	-51	-26	-28	11	-36	-2	cell = 584 to 591
-23	-47	-24	-53	-14	-7	19	-20	cell = 592 to 599
40	-5	-21	-11	-23	-58	-20	-13	cell = 600 to 607
-42	-17	-29	-22	19	-45	-61	-20	cell = 608 to 615
-47	-17	-6	8	-11	-7	-8	4	cell = 616 to 623
-44	1	26	11	-37	-39	-39	0	cell = 624 to 631
2	-36	-9	14	-9	-11	-41	-34	cell = 632 to 639
-34	-1	-25	5	-10	-43	-36	-26	cell = 640 to 647
-22	-23	-16	-24	-53	-19	-47	-12	cell = 648 to 655
-25	-3	6	-42	-8	19	5	-24	cell = 656 to 663
19	-29	-41	5	-13	-17	-35	13	cell = 664 to 671
-34	-11	-32	-7	7	-28	-10	-22	cell = 672 to 679
-34	1	-49	-5	-10	-8	19	-26	cell = 680 to 687
4	0	-18	-41	-64	10	-46	-17	cell = 688 to 695
27	-54	-24	-28	-17	-31	-42	-37	cell = 696 to 703
-17	-24	15	-2	1	-32	-7	-16	cell = 704 to 711
-4	-18	-27	-24	12	-65	-34	12	cell = 712 to 719
4	-43	-7	-11	4	-9	-49	-22	cell = 720 to 727
-6	-33	4	-32	-22	17	-28	-40	cell = 728 to 735
-31	-26	-53	-17	-50	-17	0	-22	cell = 736 to 743
-20	-34	-40	-17	-27	-27	-20	21	cell = 744 to 751
8	-25	-37	10	-19	9	-42	-10	cell = 752 to 759
-45	17	-19	-50	-10	-16	-27	-30	cell = 760 to 767
-13	-17	-9	-22	-28	-45	14	-17	cell = 768 to 775
-22	-37	-2	0	-10	6	12	-13	cell = 776 to 783
-8	-16	-19	0	-24	28	0	-28	cell = 784 to 791
-52	-17	-29	9	-71	-40	-8	-47	cell = 792 to 799
-22	-22	5	-21	-18	-18	-11	-25	cell = 800 to 807
-34	20	-19	-4	-10	9	-1	2	cell = 808 to 815
18	3	-40	-26	-14	-50	-39	-24	cell = 816 to 823
-6	-34	-48	-16	14	-23	-53	7	cell = 824 to 831
-61	-48	6	32	-7	19	-12	-46	cell = 832 to 839
12	-59	-33	29	-23	-22	-10	-30	cell = 840 to 847
-31	-16	8	-34	-7	-41	-18	-16	cell = 848 to 855
-44	-44	-24	2	-29	-8	-31	-17	cell = 856 to 863
-29	0	-32	-29	1	-14	-60	25	cell = 864 to 871
-38	6	15	14	-4	-12	-25	-10	cell = 872 to 879
-69	-9	-31	-30	-20	-11	-3	-48	cell = 880 to 887
-29	-22	-45	1	-5	-19	-39	-33	cell = 888 to 895
-34	-54	5	-29	-5	-9	-28	-50	cell = 896 to 903
-34	-42	-7	-23	-7	18	-44	-23	cell = 904 to 911
6	-19	8	-3	8	-2	-33	-14	cell = 912 to 919
5	-27	-28	-34	-6	-32	-50	-7	cell = 920 to 927
-34	27	-29	4	-32	-34	-41	0	cell = 928 to 935
-19	3	-25	27	-41	-24	-4	-19	cell = 936 to 943
-31	10	-28	-36	5	-47	-34	-23	cell = 944 to 951
-39	-27	-16	-20	3	-61	-11	-19	cell = 952 to 959
3	-26	-38	-17	-35	-17	-11	-11	cell = 960 to 967
-6	-11	2	-5	3	-24	-26	8	cell = 968 to 975
3	-21	-2	-32	1	-19	-33	0	cell = 976 to 983
17	-57	-23	-29	-37	-28	-28	1	cell = 984 to 991
-49	-33	-37	-13	-26	-32	-42	-6	cell = 992 to 999
-6	-17	-40	-45	0	-15	-34	-3	cell = 1000 to 1007
13	-47	-56	-14	-4	0	-19	-13	cell = 1008 to 1015
-22	-42	-85	-20	-27	-20	-10	-37	cell = 1016 to 1023
