Calibration values from cell 0 to 1024 for channel 0:

36	-13	56	2	24	-13	69	34	cell = 0 to 7
52	-16	52	-12	18	43	70	24	cell = 8 to 15
20	5	21	-33	58	5	73	-20	cell = 16 to 23
42	31	69	23	49	-3	20	10	cell = 24 to 31
54	9	12	13	36	-5	64	-40	cell = 32 to 39
55	8	47	-12	21	-6	52	3	cell = 40 to 47
55	22	102	-18	67	-17	45	15	cell = 48 to 55
65	24	30	-8	43	-19	52	-15	cell = 56 to 63
37	-37	27	-11	51	-14	21	-19	cell = 64 to 71
33	5	34	9	29	44	10	13	cell = 72 to 79
63	9	14	-1	37	-12	64	-14	cell = 80 to 87
38	-35	15	3	65	-7	26	-4	cell = 88 to 95
42	4	-5	20	55	9	29	-12	cell = 96 to 103
54	43	36	-6	29	-4	6	14	cell = 104 to 111
6	20	51	-12	46	-11	36	1	cell = 112 to 119
38	0	35	-28	46	-20	71	-7	cell = 120 to 127
49	-19	37	27	76	21	44	-45	cell = 128 to 135
66	27	20	25	19	27	54	-32	cell = 136 to 143
3	24	43	-12	43	-16	46	35	cell = 144 to 151
51	16	76	10	52	2	72	9	cell = 152 to 159
58	-21	21	19	24	-5	30	6	cell = 160 to 167
65	-13	41	0	47	-25	10	-36	cell = 168 to 175
71	11	62	-23	37	30	32	-4	cell = 176 to 183
40	-14	31	9	26	-12	95	-26	cell = 184 to 191
68	-14	12	0	30	-15	23	24	cell = 192 to 199
67	2	52	18	48	10	62	17	cell = 200 to 207
12	8	55	12	13	9	74	6	cell = 208 to 215
46	-26	50	-40	31	-14	32	-36	cell = 216 to 223
17	1	58	29	72	4	-7	2	cell = 224 to 231
62	12	22	-22	26	-36	54	-2	cell = 232 to 239
44	-11	56	10	80	-18	71	5	cell = 240 to 247
24	-36	57	2	35	1	1	4	cell = 248 to 255
70	-16	34	-9	64	-41	11	14	cell = 256 to 263
37	-20	9	2	16	-51	9	21	cell = 264 to 271
35	24	42	-10	66	1	32	-13	cell = 272 to 279
67	2	61	16	55	23	52	-18	cell = 280 to 287
80	17	58	-8	62	-37	64	-19	cell = 288 to 295
32	-4	1	-14	30	-4	26	0	cell = 296 to 303
54	1	28	41	9	-39	31	-5	cell = 304 to 311
55	16	50	41	34	-35	23	-17	cell = 312 to 319
40	-11	60	19	45	17	18	19	cell = 320 to 327
50	-33	65	2	35	1	30	-32	cell = 328 to 335
34	-16	31	-11	68	-41	30	28	cell = 336 to 343
20	32	31	-13	64	-26	64	-3	cell = 344 to 351
43	31	49	-33	59	9	39	-23	cell = 352 to 359
26	-12	11	-23	9	-26	11	10	cell = 360 to 367
22	-20	33	19	15	-31	21	4	cell = 368 to 375
6	-4	50	0	13	-11	50	5	cell = 376 to 383
8	-44	73	2	15	10	25	-33	cell = 384 to 391
49	-9	62	-33	65	-24	49	42	cell = 392 to 399
52	-31	12	-18	17	-21	75	4	cell = 400 to 407
44	13	51	-22	20	13	56	-6	cell = 408 to 415
61	-4	32	-23	9	-14	56	-34	cell = 416 to 423
42	-14	39	-36	57	41	38	23	cell = 424 to 431
34	-43	26	-11	52	-2	53	11	cell = 432 to 439
45	32	60	4	12	-47	44	-11	cell = 440 to 447
33	37	54	9	59	-41	55	4	cell = 448 to 455
37	6	27	-9	12	0	40	15	cell = 456 to 463
33	-11	35	9	72	-25	61	11	cell = 464 to 471
34	-16	20	-17	35	13	52	-15	cell = 472 to 479
49	-2	67	-36	32	-66	14	18	cell = 480 to 487
61	46	36	1	34	-37	88	-11	cell = 488 to 495
40	1	-31	-90	-9	-105	-56	-117	cell = 496 to 503
44	17	14	-16	25	10	69	5	cell = 504 to 511
-14	-27	-19	-18	-18	7	-35	-63	cell = 512 to 519
-47	8	-8	-42	-34	-40	-2	-47	cell = 520 to 527
-6	-24	-51	-26	17	-35	7	1	cell = 528 to 535
18	-32	-24	13	-41	-15	-16	-42	cell = 536 to 543
-15	-30	-13	-17	-32	0	-53	-7	cell = 544 to 551
-64	-19	-58	-14	16	-8	-6	-6	cell = 552 to 559
-39	7	25	-41	-18	-19	-10	-15	cell = 560 to 567
-4	-48	31	-25	-63	-37	-37	-48	cell = 568 to 575
-37	-31	-27	-21	-42	-5	-60	-38	cell = 576 to 583
-35	-39	29	56	-52	-5	-23	-7	cell = 584 to 591
-4	-20	-42	-29	-35	-43	-53	-45	cell = 592 to 599
0	-20	-71	-51	-18	-5	-28	15	cell = 600 to 607
-10	-25	3	-13	-8	-36	-16	-20	cell = 608 to 615
-33	-21	-33	13	-38	-10	-12	-24	cell = 616 to 623
-38	-17	14	13	-42	-42	-11	-2	cell = 624 to 631
-26	13	7	8	-29	-27	-4	-3	cell = 632 to 639
27	-15	-34	28	-38	-43	-23	-8	cell = 640 to 647
-27	-8	19	19	-39	-17	-20	-26	cell = 648 to 655
0	-17	-38	-31	11	8	21	-38	cell = 656 to 663
-21	-3	-46	21	-36	-44	-32	-40	cell = 664 to 671
-31	-10	-25	-25	-13	-30	6	-35	cell = 672 to 679
-29	-40	-9	-48	-25	-5	-8	-38	cell = 680 to 687
-18	-4	13	-4	-20	-43	-38	6	cell = 688 to 695
-43	-11	3	6	-48	5	-28	-22	cell = 696 to 703
-17	-70	7	-15	-51	-15	-54	-36	cell = 704 to 711
-21	-12	-30	-12	8	-26	-14	-11	cell = 712 to 719
25	-19	-32	-8	-9	-39	-29	7	cell = 720 to 727
1	9	-35	8	-31	-31	11	-14	cell = 728 to 735
-39	-23	2	13	-22	0	-5	-30	cell = 736 to 743
-10	-47	-34	-10	-60	-52	-95	-29	cell = 744 to 751
0	-50	-10	-13	-51	3	-41	-58	cell = 752 to 759
-3	-10	-33	-3	-45	5	-36	-26	cell = 760 to 767
-29	0	0	-21	-30	-18	-27	-57	cell = 768 to 775
-25	-39	-62	-18	-20	4	-27	-29	cell = 776 to 783
-27	-12	-27	-11	-2	-28	-14	-23	cell = 784 to 791
-17	-42	-24	-24	-46	-20	18	25	cell = 792 to 799
-24	-10	-43	-3	24	-51	-4	-7	cell = 800 to 807
-7	-42	18	-31	-5	19	-8	-6	cell = 808 to 815
-15	3	-30	-22	-37	-4	-12	-21	cell = 816 to 823
-12	-34	-39	-8	0	32	-23	16	cell = 824 to 831
9	-5	-41	3	4	-53	-63	9	cell = 832 to 839
-19	-21	16	-3	-34	-28	-1	1	cell = 840 to 847
-8	-37	16	-18	-15	-19	-25	-7	cell = 848 to 855
-9	15	-30	-14	-2	-42	19	-28	cell = 856 to 863
-3	-32	-36	-11	19	0	-1	35	cell = 864 to 871
6	7	-36	-2	-36	-30	7	4	cell = 872 to 879
-14	30	-38	-14	25	-12	-4	0	cell = 880 to 887
-26	-30	-25	-40	1	-5	-10	-12	cell = 888 to 895
-19	-7	-49	-15	-6	-40	-37	-27	cell = 896 to 903
-11	-8	-49	-20	-12	-35	-21	3	cell = 904 to 911
-48	-18	9	-48	-39	-36	-25	8	cell = 912 to 919
-39	-32	-23	-16	-41	-22	3	-6	cell = 920 to 927
-4	-32	-55	-4	-20	-11	-55	-13	cell = 928 to 935
13	1	-30	7	-11	-15	-5	10	cell = 936 to 943
-11	-51	-34	-31	-14	-7	1	12	cell = 944 to 951
-11	-29	-4	-2	-6	-66	-28	-44	cell = 952 to 959
-14	-18	-47	0	-45	-8	-29	-27	cell = 960 to 967
4	-18	-7	-31	-13	-46	-16	-43	cell = 968 to 975
-16	-13	-37	-34	-6	-4	-31	-12	cell = 976 to 983
-7	-14	0	-13	-50	-43	-16	-53	cell = 984 to 991
7	3	-26	14	-22	-45	-26	1	cell = 992 to 999
-31	-25	0	-11	6	2	8	-13	cell = 1000 to 1007
-22	-38	-43	-8	-31	-19	-13	21	cell = 1008 to 1015
10	-39	-23	27	-15	-6	-21	24	cell = 1016 to 1023
Calibration values from cell 0 to 1024 for channel 1:

53	-18	39	5	80	4	21	-32	cell = 0 to 7
60	-35	39	5	77	-26	36	-21	cell = 8 to 15
36	-23	37	38	55	-24	53	-32	cell = 16 to 23
56	4	80	1	59	-34	34	-18	cell = 24 to 31
40	18	25	26	43	27	17	-42	cell = 32 to 39
39	18	43	0	16	-25	38	-6	cell = 40 to 47
38	20	39	-44	25	-6	7	3	cell = 48 to 55
72	0	21	-42	51	-1	46	-15	cell = 56 to 63
74	-52	28	-6	37	-18	23	3	cell = 64 to 71
34	10	46	7	71	-43	21	11	cell = 72 to 79
46	8	27	-19	52	-14	46	-11	cell = 80 to 87
76	-26	40	-26	36	-9	36	37	cell = 88 to 95
9	-8	9	21	43	-12	38	-29	cell = 96 to 103
60	-5	78	24	21	1	40	42	cell = 104 to 111
53	1	55	-10	14	49	24	-1	cell = 112 to 119
52	-31	43	12	27	-2	27	6	cell = 120 to 127
30	19	53	-33	35	6	47	12	cell = 128 to 135
49	-23	11	3	64	10	45	-6	cell = 136 to 143
31	6	28	31	31	18	18	-3	cell = 144 to 151
82	-18	35	-12	81	-44	47	9	cell = 152 to 159
86	-4	45	17	51	14	35	4	cell = 160 to 167
72	-1	66	2	77	-21	43	-9	cell = 168 to 175
38	-19	57	19	89	13	39	15	cell = 176 to 183
72	5	69	12	11	-21	58	-8	cell = 184 to 191
73	-15	29	-18	28	-40	56	1	cell = 192 to 199
39	10	49	-35	79	26	55	0	cell = 200 to 207
57	-30	59	-27	77	-19	19	-21	cell = 208 to 215
15	15	17	20	54	-17	55	-6	cell = 216 to 223
0	7	37	22	27	42	8	16	cell = 224 to 231
49	-13	12	-31	72	17	1	3	cell = 232 to 239
47	-9	16	-12	40	-28	32	10	cell = 240 to 247
19	-35	82	-31	44	-12	52	-7	cell = 248 to 255
44	-23	35	27	24	27	39	-15	cell = 256 to 263
39	3	33	-14	26	-27	17	1	cell = 264 to 271
23	42	40	23	74	26	71	-15	cell = 272 to 279
80	-35	65	11	73	-33	51	0	cell = 280 to 287
70	-7	35	25	41	30	25	-8	cell = 288 to 295
84	-15	68	0	78	18	30	-41	cell = 296 to 303
38	3	49	-1	10	-14	73	-1	cell = 304 to 311
32	-39	35	-14	43	-19	45	0	cell = 312 to 319
35	-9	41	9	33	17	79	13	cell = 320 to 327
53	-50	22	-51	66	-20	39	16	cell = 328 to 335
15	-13	18	30	68	-17	40	11	cell = 336 to 343
39	-26	41	23	18	-15	70	-61	cell = 344 to 351
70	14	55	-6	3	0	64	-16	cell = 352 to 359
15	21	29	17	8	-33	55	10	cell = 360 to 367
40	21	65	22	47	25	29	-37	cell = 368 to 375
44	7	32	1	64	-21	75	-19	cell = 376 to 383
79	13	24	-6	25	15	66	53	cell = 384 to 391
60	-44	50	3	74	14	69	22	cell = 392 to 399
48	-16	42	-18	27	-12	51	33	cell = 400 to 407
68	-5	49	16	46	-13	45	2	cell = 408 to 415
26	30	17	18	73	14	47	-30	cell = 416 to 423
51	-13	22	10	53	-16	57	-18	cell = 424 to 431
50	32	35	-20	29	20	23	-9	cell = 432 to 439
38	-8	10	-39	68	-21	68	-52	cell = 440 to 447
77	24	65	-25	45	-29	7	-4	cell = 448 to 455
36	-36	43	-17	41	-16	60	18	cell = 456 to 463
44	-30	10	-14	34	29	22	5	cell = 464 to 471
33	-2	39	10	31	-12	41	-8	cell = 472 to 479
21	-31	7	-3	25	19	34	-40	cell = 480 to 487
43	-20	53	-31	10	22	30	-34	cell = 488 to 495
54	29	-48	-78	13	-87	7	-45	cell = 496 to 503
85	-39	47	-37	38	24	39	12	cell = 504 to 511
-28	-26	-37	-45	-50	0	-34	-29	cell = 512 to 519
-32	5	-17	-28	-10	-6	-5	-33	cell = 520 to 527
-51	-32	9	-26	-21	-46	-14	-7	cell = 528 to 535
-20	22	-10	2	-3	-47	-16	-44	cell = 536 to 543
-41	-25	-38	5	-34	-20	9	-48	cell = 544 to 551
-41	-27	-36	-21	2	-6	5	-27	cell = 552 to 559
-25	10	-31	-45	-53	-17	-15	-38	cell = 560 to 567
-40	-8	-53	-15	-10	-30	-19	-23	cell = 568 to 575
-39	-5	11	-16	-69	8	-50	18	cell = 576 to 583
-75	-7	7	-52	4	-11	-18	22	cell = 584 to 591
-44	-15	0	-5	15	-16	-26	-3	cell = 592 to 599
-49	-39	-21	4	10	-20	-30	-27	cell = 600 to 607
-47	-24	-19	-25	-32	-33	-11	-5	cell = 608 to 615
-29	-2	-16	-16	-12	11	-27	-54	cell = 616 to 623
-5	-7	-28	5	-65	-39	-15	-18	cell = 624 to 631
-13	-23	-9	-55	-14	13	-14	-15	cell = 632 to 639
17	-33	-38	-60	-41	4	-9	-12	cell = 640 to 647
-21	-9	-37	3	-53	-15	-45	-55	cell = 648 to 655
-64	-8	-13	-11	-23	-19	-15	-43	cell = 656 to 663
-10	-28	2	-9	-17	-48	-10	29	cell = 664 to 671
-27	-39	-18	-29	-57	-61	2	-9	cell = 672 to 679
-36	-29	-34	-32	-13	-17	-36	-42	cell = 680 to 687
-17	-2	-18	0	4	-40	-44	-3	cell = 688 to 695
2	-26	4	-31	-9	-6	5	-44	cell = 696 to 703
-11	-46	-22	-59	9	-17	-18	-27	cell = 704 to 711
-15	5	-31	-21	6	-27	-30	-34	cell = 712 to 719
-66	-35	-29	-34	-2	-40	6	-27	cell = 720 to 727
5	-11	-2	-49	-18	-39	-14	-7	cell = 728 to 735
-44	-23	-41	-31	-55	-22	-56	2	cell = 736 to 743
-63	-28	-55	-30	0	-42	-40	-22	cell = 744 to 751
-33	-53	-16	-62	-10	-3	16	-23	cell = 752 to 759
-21	-2	25	-3	-60	-46	-25	-13	cell = 760 to 767
4	-55	-15	-47	-7	-66	-31	-14	cell = 768 to 775
-21	-6	-43	-15	-21	-5	-29	-22	cell = 776 to 783
-18	-32	-46	-29	-23	15	21	-54	cell = 784 to 791
-22	-31	5	-11	-37	-38	-52	-6	cell = 792 to 799
-44	-20	-7	-46	-32	-8	-27	-21	cell = 800 to 807
-10	-6	-16	-3	-8	3	-19	-26	cell = 808 to 815
2	-30	3	-42	8	24	-52	-26	cell = 816 to 823
48	-13	-26	-28	-39	-24	-28	-39	cell = 824 to 831
37	12	3	-16	-41	-23	-23	-42	cell = 832 to 839
4	-26	-11	-23	-20	8	-57	-12	cell = 840 to 847
-36	6	-11	1	-15	-30	14	-1	cell = 848 to 855
-28	22	-29	-48	-18	-4	-11	-41	cell = 856 to 863
-17	23	-13	-34	-20	-31	11	-9	cell = 864 to 871
18	-13	-11	-12	-10	-32	8	-7	cell = 872 to 879
-50	-27	11	-4	-43	-4	8	8	cell = 880 to 887
-23	-39	-8	-17	34	-31	4	18	cell = 888 to 895
29	-20	-70	-29	12	-42	1	-8	cell = 896 to 903
-34	2	-23	-53	-28	-3	-66	-5	cell = 904 to 911
10	4	-7	5	-6	-28	-3	-3	cell = 912 to 919
-12	-30	18	-5	-18	20	-34	-9	cell = 920 to 927
-28	-14	10	-32	-22	-23	16	-40	cell = 928 to 935
17	5	-23	-3	2	-36	-38	-6	cell = 936 to 943
-12	-16	4	-3	22	-49	10	-15	cell = 944 to 951
-33	7	-50	-1	-4	-27	-19	-11	cell = 952 to 959
-57	-54	-13	-7	-35	-14	-47	-51	cell = 960 to 967
-18	-11	-25	-50	28	-10	11	15	cell = 968 to 975
-28	-4	-10	-8	-5	-33	-32	-22	cell = 976 to 983
-30	16	14	-18	15	-23	-1	-40	cell = 984 to 991
6	-5	0	-14	-26	-6	2	-24	cell = 992 to 999
-3	1	-57	-11	19	-10	2	15	cell = 1000 to 1007
-34	-6	-29	-14	-64	-35	-30	-11	cell = 1008 to 1015
-9	-33	-59	7	-40	-70	-43	-10	cell = 1016 to 1023
Calibration values from cell 0 to 1024 for channel 2:

30	27	11	-25	-1	2	29	-59	cell = 0 to 7
34	5	55	-26	31	-4	6	-26	cell = 8 to 15
15	-3	34	-40	48	-4	-2	2	cell = 16 to 23
18	26	48	-27	63	9	74	8	cell = 24 to 31
22	-5	21	12	29	-6	41	0	cell = 32 to 39
15	-32	47	-21	53	15	35	15	cell = 40 to 47
67	-13	49	29	9	-27	66	-38	cell = 48 to 55
48	0	80	0	44	-23	52	9	cell = 56 to 63
70	-16	46	-17	69	-29	20	21	cell = 64 to 71
31	17	43	34	48	35	24	-37	cell = 72 to 79
25	73	42	-2	41	-33	44	-3	cell = 80 to 87
60	15	44	28	99	0	55	10	cell = 88 to 95
43	32	89	-20	58	-8	27	-21	cell = 96 to 103
16	-20	67	7	9	-23	62	10	cell = 104 to 111
23	-3	50	13	48	14	1	-12	cell = 112 to 119
40	3	11	13	54	22	56	5	cell = 120 to 127
42	-36	35	-11	89	24	-9	-7	cell = 128 to 135
31	4	52	-47	83	11	65	-22	cell = 136 to 143
31	14	50	-5	10	3	34	-9	cell = 144 to 151
21	-16	81	-1	76	9	18	-37	cell = 152 to 159
26	-8	28	-11	10	-16	23	35	cell = 160 to 167
54	7	25	4	76	39	74	2	cell = 168 to 175
83	-17	3	23	55	-26	85	0	cell = 176 to 183
69	-23	37	-4	72	45	39	-59	cell = 184 to 191
62	-45	66	11	38	-17	48	17	cell = 192 to 199
29	17	70	-2	32	-17	64	-17	cell = 200 to 207
26	-6	39	-8	76	-46	25	3	cell = 208 to 215
10	-52	59	-7	39	7	6	-21	cell = 216 to 223
66	-10	24	4	78	-15	55	-30	cell = 224 to 231
43	-8	41	-8	32	-14	53	-58	cell = 232 to 239
29	3	66	3	38	2	30	-38	cell = 240 to 247
69	4	49	24	60	8	41	-6	cell = 248 to 255
43	-2	39	-57	47	5	45	-15	cell = 256 to 263
21	3	40	-23	69	-26	10	20	cell = 264 to 271
62	-27	83	11	32	-9	26	54	cell = 272 to 279
49	-6	33	3	11	-32	84	-17	cell = 280 to 287
15	-3	33	-24	51	-16	28	9	cell = 288 to 295
51	-2	5	1	49	11	24	-18	cell = 296 to 303
-6	-11	59	-5	52	-35	13	2	cell = 304 to 311
36	-49	13	9	31	-42	13	-33	cell = 312 to 319
18	30	72	8	22	13	43	20	cell = 320 to 327
83	-11	35	-15	34	34	60	17	cell = 328 to 335
43	-17	31	-15	38	-7	34	30	cell = 336 to 343
54	-29	70	13	57	25	38	-16	cell = 344 to 351
38	9	21	8	69	1	91	-16	cell = 352 to 359
49	-15	22	-8	37	3	13	-36	cell = 360 to 367
60	5	77	-3	57	-4	34	-14	cell = 368 to 375
57	7	23	-18	21	-18	37	-31	cell = 376 to 383
54	-22	27	-25	-6	22	42	-6	cell = 384 to 391
42	0	46	-13	46	-14	39	-19	cell = 392 to 399
34	-27	67	-26	65	7	37	26	cell = 400 to 407
63	-13	38	-3	16	-11	61	5	cell = 408 to 415
50	6	38	19	49	-24	31	-21	cell = 416 to 423
-18	25	79	2	31	-23	29	-34	cell = 424 to 431
40	3	47	-23	8	-5	28	-2	cell = 432 to 439
40	15	25	-6	57	-29	56	-23	cell = 440 to 447
29	-37	38	-2	6	-24	8	21	cell = 448 to 455
22	23	55	14	28	6	46	8	cell = 456 to 463
49	0	49	-10	-12	-4	52	-29	cell = 464 to 471
17	-44	44	11	59	-36	53	-39	cell = 472 to 479
3	26	18	-29	35	-1	35	-34	cell = 480 to 487
23	15	59	-3	-3	-16	77	-13	cell = 488 to 495
75	-30	11	-76	-21	-66	-29	-88	cell = 496 to 503
78	-24	61	-26	53	10	22	12	cell = 504 to 511
-15	14	-39	-31	-24	-16	-48	4	cell = 512 to 519
-45	-24	-50	-6	-24	2	23	-13	cell = 520 to 527
24	-36	-38	0	2	-20	-28	-66	cell = 528 to 535
-8	-11	-47	-51	-25	5	-22	6	cell = 536 to 543
-12	-25	11	14	-6	-47	12	-1	cell = 544 to 551
-18	-14	4	-15	-33	-15	-12	39	cell = 552 to 559
-28	-45	17	6	-23	-2	-48	-33	cell = 560 to 567
-51	-51	-36	-5	-35	-90	0	-44	cell = 568 to 575
-1	-24	-14	13	-20	-19	-12	-14	cell = 576 to 583
-5	-8	-50	0	-43	19	-3	0	cell = 584 to 591
-30	-27	-31	-54	-20	13	-26	-6	cell = 592 to 599
-32	8	7	-37	-50	-33	12	7	cell = 600 to 607
-14	-27	-70	-11	-40	-44	-10	-42	cell = 608 to 615
-10	-7	-32	-6	-28	-15	-18	-5	cell = 616 to 623
-11	-36	-28	24	4	-7	28	-37	cell = 624 to 631
-26	-22	-15	7	-47	-12	-24	-8	cell = 632 to 639
41	-10	-28	-73	-5	-67	-15	-5	cell = 640 to 647
1	-13	-17	-53	-21	-6	-25	22	cell = 648 to 655
-20	-6	-11	-12	-63	-63	-8	-11	cell = 656 to 663
-4	-17	11	-35	-2	-7	-29	2	cell = 664 to 671
4	-4	-3	-37	-24	-36	-60	-19	cell = 672 to 679
0	-11	-55	-2	-36	-32	-40	-35	cell = 680 to 687
-31	2	-13	-11	-46	-20	8	-27	cell = 688 to 695
-35	-39	3	-28	4	16	-2	-55	cell = 696 to 703
-17	-49	13	-38	-26	-29	-13	-42	cell = 704 to 711
-5	19	-1	-27	-34	12	-11	-53	cell = 712 to 719
-21	-8	-16	-41	-9	-29	10	-30	cell = 720 to 727
-48	-14	-12	-20	-6	-22	-27	-9	cell = 728 to 735
15	31	6	-34	-7	-46	-3	-17	cell = 736 to 743
4	-4	-29	-8	-41	-20	-12	15	cell = 744 to 751
-58	-9	3	-7	-39	-2	-18	-18	cell = 752 to 759
-3	-38	-33	-44	36	-13	-7	-14	cell = 760 to 767
-18	-10	-30	-23	-10	-49	-26	-25	cell = 768 to 775
-40	-4	15	-26	-10	12	-23	-30	cell = 776 to 783
-35	-34	-7	-47	-32	13	-38	-26	cell = 784 to 791
-41	5	-6	-1	-14	-28	11	-16	cell = 792 to 799
-21	-17	-10	7	-29	-3	-54	-29	cell = 800 to 807
-5	-23	13	-40	-5	-17	-42	-47	cell = 808 to 815
-25	-13	-12	24	31	-41	-28	-7	cell = 816 to 823
-17	-33	-50	-14	-8	13	-8	-40	cell = 824 to 831
-70	24	-7	-43	-29	-24	-15	-14	cell = 832 to 839
19	-18	20	-4	-15	-1	-63	-42	cell = 840 to 847
28	6	-28	-2	-65	16	9	-14	cell = 848 to 855
-18	-32	-11	-39	-28	-32	5	9	cell = 856 to 863
-12	-7	-31	-6	-9	-44	-6	-21	cell = 864 to 871
14	-47	-40	-20	40	-47	-20	-16	cell = 872 to 879
-8	-11	-50	-12	-37	3	-18	-3	cell = 880 to 887
7	-26	-19	-13	-14	-33	-13	5	cell = 888 to 895
-20	-15	-32	-46	-10	-41	-21	6	cell = 896 to 903
-25	-13	-43	34	-17	17	-59	-13	cell = 904 to 911
-21	-42	7	-28	-32	-20	-30	-47	cell = 912 to 919
13	6	-12	-28	-23	4	-3	-39	cell = 920 to 927
-37	1	-27	-10	-20	-54	-44	-60	cell = 928 to 935
-20	-9	-14	0	-10	-18	1	-17	cell = 936 to 943
-15	-6	19	18	2	-25	-8	-7	cell = 944 to 951
-39	0	-5	-28	20	-12	-33	-3	cell = 952 to 959
-51	-8	-29	-13	12	-24	-1	-25	cell = 960 to 967
11	-51	-30	-18	12	-35	11	-10	cell = 968 to 975
-6	-4	-12	-9	-8	-36	-27	-27	cell = 976 to 983
1	21	-14	-26	10	4	-44	-27	cell = 984 to 991
-45	3	-13	-3	-39	16	-36	-22	cell = 992 to 999
-41	-16	19	-19	-2	-5	-17	-42	cell = 1000 to 1007
-10	-20	-39	-71	-31	-22	-7	-27	cell = 1008 to 1015
7	-10	8	14	-13	-13	-38	-13	cell = 1016 to 1023
Calibration values from cell 0 to 1024 for channel 3:

26	-21	38	5	24	-33	69	-40	cell = 0 to 7
26	41	22	-44	36	2	1	1	cell = 8 to 15
43	6	34	-12	26	-21	31	7	cell = 16 to 23
62	-5	60	-15	17	-53	25	-8	cell = 24 to 31
38	-36	47	-13	68	34	46	26	cell = 32 to 39
38	7	60	-44	64	15	69	3	cell = 40 to 47
20	25	62	6	37	14	46	-6	cell = 48 to 55
63	17	71	7	28	12	57	-20	cell = 56 to 63
69	5	24	-14	42	-13	12	-24	cell = 64 to 71
68	4	86	-12	21	0	36	-33	cell = 72 to 79
23	-20	37	48	34	10	28	15	cell = 80 to 87
39	30	37	-10	47	-10	65	5	cell = 88 to 95
72	-7	51	3	30	-18	87	-30	cell = 96 to 103
-4	16	16	12	44	0	61	0	cell = 104 to 111
49	-25	73	8	28	-23	31	-43	cell = 112 to 119
55	27	51	27	41	25	44	11	cell = 120 to 127
96	-17	54	-19	49	-9	17	30	cell = 128 to 135
81	0	29	41	62	28	60	-7	cell = 136 to 143
46	13	28	-54	55	14	37	27	cell = 144 to 151
66	-19	17	-12	41	-9	20	27	cell = 152 to 159
24	3	39	-39	45	5	35	-15	cell = 160 to 167
42	-21	50	-20	72	36	44	3	cell = 168 to 175
57	2	61	-13	41	-30	75	16	cell = 176 to 183
25	1	26	-49	16	-23	33	-7	cell = 184 to 191
51	-9	47	14	58	-1	44	-6	cell = 192 to 199
50	6	58	8	62	-34	72	-16	cell = 200 to 207
25	-2	69	5	29	13	49	-9	cell = 208 to 215
60	1	44	35	42	-8	-7	-6	cell = 216 to 223
64	52	45	-18	31	6	31	11	cell = 224 to 231
47	10	47	-13	53	-12	48	13	cell = 232 to 239
70	-20	46	11	91	30	16	-16	cell = 240 to 247
24	-7	59	-2	52	-7	40	-10	cell = 248 to 255
42	-40	55	-31	56	25	45	-10	cell = 256 to 263
33	-52	38	-31	88	20	39	-1	cell = 264 to 271
42	-2	51	29	43	-45	58	-21	cell = 272 to 279
80	36	26	-5	75	8	38	18	cell = 280 to 287
15	-20	48	-6	33	-15	54	-15	cell = 288 to 295
49	-5	51	5	61	-8	7	-33	cell = 296 to 303
36	6	58	-4	30	-35	40	-28	cell = 304 to 311
36	1	30	-17	40	11	59	22	cell = 312 to 319
45	-16	47	-15	59	-16	18	-9	cell = 320 to 327
66	6	74	-42	35	-18	71	-32	cell = 328 to 335
33	15	49	-31	32	7	33	0	cell = 336 to 343
46	12	52	-12	35	9	37	-37	cell = 344 to 351
61	-10	31	-42	42	-10	30	-14	cell = 352 to 359
36	10	32	34	53	-17	36	-24	cell = 360 to 367
18	31	62	-22	53	-5	4	-24	cell = 368 to 375
36	3	42	-8	78	-39	4	-19	cell = 376 to 383
25	28	37	-54	58	-28	-9	18	cell = 384 to 391
42	5	44	-23	68	-16	12	-37	cell = 392 to 399
47	3	64	-23	55	-8	11	-16	cell = 400 to 407
14	-5	67	-24	54	-6	46	-34	cell = 408 to 415
36	36	17	31	19	-41	14	0	cell = 416 to 423
22	-12	40	-27	87	5	67	-37	cell = 424 to 431
41	-9	-5	-26	67	6	17	-39	cell = 432 to 439
86	-3	37	-8	61	0	25	-35	cell = 440 to 447
19	-15	34	-69	54	-12	53	2	cell = 448 to 455
55	5	45	-11	73	-1	28	-19	cell = 456 to 463
90	-4	57	-8	21	-14	34	8	cell = 464 to 471
46	-45	76	-10	36	-33	58	-18	cell = 472 to 479
60	0	56	-36	4	23	46	-4	cell = 480 to 487
32	0	43	34	29	-28	26	-38	cell = 488 to 495
26	-1	-45	-95	-13	-94	8	-90	cell = 496 to 503
33	-3	38	-11	71	-15	24	0	cell = 504 to 511
8	-24	16	-41	-48	-14	-14	-18	cell = 512 to 519
-31	-69	-35	-28	-8	-20	-16	-22	cell = 520 to 527
-29	-10	-33	-7	-3	0	-31	-3	cell = 528 to 535
-51	-80	-32	-3	24	-27	-33	-52	cell = 536 to 543
-20	-22	-21	9	-51	6	1	-34	cell = 544 to 551
-15	3	-27	-64	9	0	-64	-34	cell = 552 to 559
-51	-19	-17	6	-29	-22	21	-8	cell = 560 to 567
-35	-41	-3	-6	-16	12	-21	-26	cell = 568 to 575
-75	-64	-48	-33	-42	-26	-52	-45	cell = 576 to 583
-49	-28	-32	4	-38	5	-32	-9	cell = 584 to 591
-42	-21	-7	-16	8	-25	-25	-26	cell = 592 to 599
16	-10	-25	-10	-31	-20	-21	6	cell = 600 to 607
-26	-13	-12	-50	21	4	-18	-56	cell = 608 to 615
2	-25	-17	-1	-6	8	-23	5	cell = 616 to 623
17	-49	-20	-28	10	-6	-46	-43	cell = 624 to 631
-45	-74	-44	0	-31	-7	-31	-9	cell = 632 to 639
-20	-4	-7	-27	-16	-40	-10	-18	cell = 640 to 647
-46	-9	-34	-48	-68	-15	-48	-10	cell = 648 to 655
-17	-61	5	1	-11	9	-9	-2	cell = 656 to 663
-13	-5	18	-23	-22	21	-20	-19	cell = 664 to 671
-29	-4	-30	-10	-47	-29	-7	-34	cell = 672 to 679
-73	0	-23	-12	-47	-35	-39	22	cell = 680 to 687
-32	-7	-32	-25	-53	1	-33	13	cell = 688 to 695
-32	9	-7	-20	-22	-34	1	-11	cell = 696 to 703
-46	-43	-32	-30	-61	-30	-14	-6	cell = 704 to 711
-25	-3	-11	-28	-22	74	-9	-12	cell = 712 to 719
-16	-24	-8	22	-20	-47	1	4	cell = 720 to 727
-19	-20	18	9	-15	-24	7	-8	cell = 728 to 735
-14	-27	-25	-28	-24	-12	-28	-41	cell = 736 to 743
-19	-14	7	18	-27	-27	-23	-42	cell = 744 to 751
22	14	4	8	-2	-22	-14	-31	cell = 752 to 759
-11	-32	1	-52	-8	-52	-13	-2	cell = 760 to 767
-24	-17	-31	-41	-48	-32	-2	-19	cell = 768 to 775
5	6	17	-31	2	-21	-28	17	cell = 776 to 783
-43	-29	-22	-35	-39	-18	-28	-25	cell = 784 to 791
13	7	-41	-30	-2	-22	-36	5	cell = 792 to 799
12	-45	-15	-23	8	-25	-6	-9	cell = 800 to 807
-18	-8	-24	-39	18	-21	13	-13	cell = 808 to 815
-40	0	-36	-36	-5	-31	-4	5	cell = 816 to 823
-22	-11	-21	8	-4	6	-22	-8	cell = 824 to 831
31	24	-10	-23	0	-4	-28	-39	cell = 832 to 839
-6	-28	-11	-33	-10	-54	-44	-17	cell = 840 to 847
-7	-26	-6	-21	-8	6	-5	-58	cell = 848 to 855
-8	-64	1	-6	-59	-43	9	-55	cell = 856 to 863
-17	-8	-21	-15	20	-44	-28	1	cell = 864 to 871
43	-13	-14	-27	-16	-15	-4	14	cell = 872 to 879
19	-34	-41	33	-44	6	-26	13	cell = 880 to 887
-18	-47	-34	-28	-54	-40	-35	-39	cell = 888 to 895
-24	-25	-19	-9	-8	-10	32	-12	cell = 896 to 903
-2	-8	-22	6	-32	-38	-60	-9	cell = 904 to 911
1	-37	-44	0	-29	-37	-32	-14	cell = 912 to 919
-17	-29	26	4	-41	-25	-42	-28	cell = 920 to 927
-29	-22	15	4	-43	1	-25	-9	cell = 928 to 935
-12	-16	5	-66	-13	-27	-2	-27	cell = 936 to 943
0	-26	9	9	-23	-52	2	-22	cell = 944 to 951
-10	-14	-11	26	-12	-25	-13	-24	cell = 952 to 959
-6	-49	13	-26	4	-12	-30	-18	cell = 960 to 967
-56	-19	-41	-12	-21	-6	-11	-21	cell = 968 to 975
-30	-38	-15	0	0	-35	-11	22	cell = 976 to 983
-4	-24	-2	-34	-34	-10	-30	23	cell = 984 to 991
12	-7	-14	-14	-79	-14	-19	-33	cell = 992 to 999
-18	14	-20	8	5	-33	0	8	cell = 1000 to 1007
-67	-6	-38	-34	-80	6	-34	-13	cell = 1008 to 1015
-40	2	-61	-15	-50	-2	10	41	cell = 1016 to 1023
Calibration values from cell 0 to 1024 for channel 4:

38	-23	51	-17	52	-2	48	-9	cell = 0 to 7
45	-4	60	-42	39	-21	52	-36	cell = 8 to 15
20	-13	40	-2	46	28	54	3	cell = 16 to 23
26	-19	32	-38	27	9	10	4	cell = 24 to 31
69	-20	37	-32	15	-32	45	-40	cell = 32 to 39
46	-13	70	13	23	-7	73	-18	cell = 40 to 47
84	17	30	-31	49	3	67	7	cell = 48 to 55
28	1	23	-4	71	21	12	1	cell = 56 to 63
73	31	99	-43	44	-16	60	8	cell = 64 to 71
40	7	51	-18	51	-9	59	14	cell = 72 to 79
54	-44	43	19	69	-32	33	-30	cell = 80 to 87
11	5	2	-37	64	-18	14	15	cell = 88 to 95
46	-9	44	-21	38	21	36	3	cell = 96 to 103
76	3	1	20	46	14	36	-48	cell = 104 to 111
47	-25	40	25	49	-14	55	-8	cell = 112 to 119
52	12	13	12	35	27	13	-36	cell = 120 to 127
46	40	47	18	79	12	42	-25	cell = 128 to 135
70	-6	39	-44	62	-8	36	5	cell = 136 to 143
74	23	21	2	67	-25	67	-24	cell = 144 to 151
81	14	67	-29	73	-8	28	24	cell = 152 to 159
67	-33	51	-27	84	31	22	-33	cell = 160 to 167
71	22	63	-9	76	-20	38	4	cell = 168 to 175
70	-1	57	-14	31	17	81	-4	cell = 176 to 183
51	-24	59	-53	40	0	50	10	cell = 184 to 191
26	-32	3	-23	47	-18	1	-31	cell = 192 to 199
34	-6	89	5	49	3	35	-24	cell = 200 to 207
59	6	48	5	63	-19	16	-8	cell = 208 to 215
57	-34	18	-23	85	3	21	16	cell = 216 to 223
55	-19	20	10	42	17	95	-31	cell = 224 to 231
37	-13	72	3	66	-23	46	29	cell = 232 to 239
20	23	81	-17	46	11	49	-2	cell = 240 to 247
34	9	21	-16	63	-30	60	4	cell = 248 to 255
57	-65	55	-25	52	-25	50	-6	cell = 256 to 263
76	-17	40	-10	55	-47	17	17	cell = 264 to 271
34	10	18	-31	34	31	24	26	cell = 272 to 279
7	11	55	-10	8	-38	43	-35	cell = 280 to 287
45	-25	66	3	60	-6	62	-11	cell = 288 to 295
35	-15	54	-3	68	-4	59	-15	cell = 296 to 303
25	-19	54	-17	50	-30	45	-21	cell = 304 to 311
50	-12	59	-13	65	-31	63	-1	cell = 312 to 319
49	16	110	4	49	-84	47	-22	cell = 320 to 327
46	16	57	-14	44	5	56	-33	cell = 328 to 335
72	-10	66	-9	66	-17	19	6	cell = 336 to 343
32	-37	11	3	63	1	25	-7	cell = 344 to 351
47	2	68	4	55	-2	53	-3	cell = 352 to 359
25	-23	43	-32	21	-5	48	-12	cell = 360 to 367
49	13	76	21	78	25	41	-11	cell = 368 to 375
33	-13	63	-6	18	-20	28	-60	cell = 376 to 383
24	15	60	17	80	6	28	-43	cell = 384 to 391
36	49	35	18	19	-11	30	-41	cell = 392 to 399
51	-21	58	-27	73	-33	45	-15	cell = 400 to 407
65	-5	69	-10	12	-32	39	30	cell = 408 to 415
28	-4	29	7	26	7	33	10	cell = 416 to 423
26	-8	33	-12	66	-30	47	27	cell = 424 to 431
30	-40	25	0	38	-2	54	19	cell = 432 to 439
47	-12	39	9	38	-21	49	16	cell = 440 to 447
38	-37	28	-21	43	-8	46	13	cell = 448 to 455
36	16	66	-10	76	-16	30	-11	cell = 456 to 463
-11	-32	30	-17	32	-8	48	-28	cell = 464 to 471
66	4	44	10	67	4	19	-4	cell = 472 to 479
62	-31	44	-6	63	-31	42	-8	cell = 480 to 487
35	4	44	-34	42	-1	45	-2	cell = 488 to 495
84	-39	-2	-119	-33	-73	-22	-73	cell = 496 to 503
64	-30	18	-16	53	-37	33	-15	cell = 504 to 511
-22	-23	-20	-10	-12	-36	-24	-38	cell = 512 to 519
-25	-7	-25	-11	-7	-23	-40	-26	cell = 520 to 527
4	-15	-8	-4	-29	0	-43	-52	cell = 528 to 535
-10	13	14	-1	15	-10	-25	-23	cell = 536 to 543
-21	0	-25	2	-20	-5	-2	-24	cell = 544 to 551
10	-32	-6	-16	26	3	-50	-21	cell = 552 to 559
-19	-12	-32	-56	-24	-54	-8	-7	cell = 560 to 567
-38	0	-11	-7	12	-2	-21	-53	cell = 568 to 575
-53	-20	-30	-20	-34	13	-17	-34	cell = 576 to 583
-19	-16	-37	-2	0	0	-4	-55	cell = 584 to 591
-52	-16	-19	-9	-38	-30	-39	15	cell = 592 to 599
-23	-21	-19	-5	-34	-48	-42	-31	cell = 600 to 607
15	-29	14	-15	-21	5	-27	-7	cell = 608 to 615
0	-3	-12	-18	-34	-17	3	-38	cell = 616 to 623
7	-11	-13	-35	-2	-31	-30	-26	cell = 624 to 631
-6	-53	-4	-42	-36	-17	17	2	cell = 632 to 639
-47	-9	-49	-49	-16	10	-29	-11	cell = 640 to 647
-38	-8	14	7	-25	-79	-19	-47	cell = 648 to 655
-23	-25	-25	-53	-22	4	0	-43	cell = 656 to 663
10	-41	-6	-30	-50	-31	-13	-38	cell = 664 to 671
-37	-44	-21	-13	-34	-30	-14	-37	cell = 672 to 679
-44	-53	-39	-21	-33	-6	-24	-12	cell = 680 to 687
-18	-19	-14	-5	9	-32	-12	-5	cell = 688 to 695
3	-17	18	-48	-31	-27	-23	-21	cell = 696 to 703
-40	-21	-41	-46	-7	-58	-8	-33	cell = 704 to 711
-10	4	-34	-11	-8	-32	-6	-12	cell = 712 to 719
0	-29	-16	-10	15	-49	16	2	cell = 720 to 727
-44	-3	-13	-19	8	-21	7	-14	cell = 728 to 735
-29	-35	-27	-35	-11	-4	-32	-26	cell = 736 to 743
-30	8	-21	-36	27	-11	-21	-27	cell = 744 to 751
22	-25	-21	-38	-25	-25	-13	-10	cell = 752 to 759
-55	-42	13	-13	-35	-4	-38	-30	cell = 760 to 767
-15	-19	-30	-24	-37	-42	-23	-25	cell = 768 to 775
-41	-95	-11	-5	-21	-58	-14	-49	cell = 776 to 783
-22	-2	-49	-21	-22	-39	5	-37	cell = 784 to 791
-8	-62	30	18	-28	-30	-40	1	cell = 792 to 799
-32	-34	-10	-38	35	-34	-26	-20	cell = 800 to 807
-22	6	-16	-29	-21	-25	-28	-22	cell = 808 to 815
30	-41	10	-27	-23	-26	11	-19	cell = 816 to 823
-2	4	-33	21	-30	7	15	-48	cell = 824 to 831
-16	-18	6	-41	-62	-37	-17	1	cell = 832 to 839
-17	-2	-3	-20	-37	12	-9	-5	cell = 840 to 847
-8	-27	-21	2	7	-54	44	-9	cell = 848 to 855
-35	-28	-26	5	-9	-47	-23	17	cell = 856 to 863
-44	-14	-21	-20	-10	-67	2	-15	cell = 864 to 871
-11	-37	-4	-16	9	-36	-16	-28	cell = 872 to 879
-21	7	8	-6	6	-12	13	-14	cell = 880 to 887
10	-11	-29	-31	-15	6	14	-19	cell = 888 to 895
-23	5	-57	-30	7	-8	-17	-22	cell = 896 to 903
-10	-33	8	-14	6	-24	15	-22	cell = 904 to 911
-35	-71	10	-37	-5	-15	-55	-28	cell = 912 to 919
28	26	1	-12	10	22	3	-23	cell = 920 to 927
-19	-31	-16	23	-21	5	-17	-58	cell = 928 to 935
-32	5	-4	-1	11	-37	-7	-4	cell = 936 to 943
-13	15	-8	5	13	-17	11	-8	cell = 944 to 951
-57	-49	-14	-20	2	-45	0	-20	cell = 952 to 959
-25	-30	10	-3	-16	-30	-7	-35	cell = 960 to 967
-15	5	-6	-36	2	-18	-55	-13	cell = 968 to 975
-39	-23	24	-17	-15	-21	-18	-53	cell = 976 to 983
-18	-5	-7	-42	6	-25	-10	-39	cell = 984 to 991
-35	-15	-57	-8	-62	-67	-22	-46	cell = 992 to 999
-37	-13	-21	2	-8	22	-55	-32	cell = 1000 to 1007
-27	-23	-4	-30	-18	-17	-30	-56	cell = 1008 to 1015
-4	22	-29	-45	-22	-17	-12	-6	cell = 1016 to 1023
Calibration values from cell 0 to 1024 for channel 5:

70	-2	38	-38	29	-18	7	-8	cell = 0 to 7
60	8	88	-25	38	-34	54	0	cell = 8 to 15
81	-29	96	-36	35	-3	15	22	cell = 16 to 23
50	12	76	16	44	10	8	26	cell = 24 to 31
39	2	49	-10	45	11	17	-9	cell = 32 to 39
28	-16	80	19	66	-10	71	-39	cell = 40 to 47
55	-12	27	-26	45	-33	63	-7	cell = 48 to 55
32	-66	44	4	38	-21	64	-45	cell = 56 to 63
26	-21	39	7	73	-20	44	-12	cell = 64 to 71
58	12	88	-34	70	-12	37	-10	cell = 72 to 79
54	2	86	-6	36	-9	24	13	cell = 80 to 87
53	13	8	27	33	-43	33	-9	cell = 88 to 95
41	-27	76	-17	37	-3	60	-3	cell = 96 to 103
41	-13	29	-7	60	13	50	10	cell = 104 to 111
72	3	36	2	67	5	42	-24	cell = 112 to 119
51	-31	13	-1	71	-48	16	-30	cell = 120 to 127
45	18	35	3	47	3	49	-17	cell = 128 to 135
58	-16	65	14	55	-25	52	1	cell = 136 to 143
74	30	50	19	36	10	44	34	cell = 144 to 151
67	-47	37	-13	46	-45	-3	-22	cell = 152 to 159
65	-19	19	-21	35	-22	49	24	cell = 160 to 167
88	-2	4	-1	21	-11	11	-39	cell = 168 to 175
50	-26	63	-24	86	-36	36	22	cell = 176 to 183
63	15	41	4	82	-40	16	-68	cell = 184 to 191
49	-13	24	-13	60	-28	25	-19	cell = 192 to 199
41	28	14	5	62	-56	58	-19	cell = 200 to 207
45	-28	11	0	62	-17	62	8	cell = 208 to 215
29	5	49	-17	61	11	28	-26	cell = 216 to 223
73	-31	35	10	32	29	38	-23	cell = 224 to 231
50	27	43	-16	76	0	63	-15	cell = 232 to 239
62	-4	29	-17	35	13	48	-3	cell = 240 to 247
33	-25	36	-43	54	-19	37	3	cell = 248 to 255
17	-16	54	3	-7	8	42	-20	cell = 256 to 263
55	-34	42	7	85	-20	37	-1	cell = 264 to 271
44	-13	56	-22	68	-33	66	28	cell = 272 to 279
81	-13	11	-4	58	24	19	7	cell = 280 to 287
28	-3	-7	-45	25	-10	59	-33	cell = 288 to 295
73	-4	82	19	69	-32	50	-11	cell = 296 to 303
32	4	32	11	23	-4	46	11	cell = 304 to 311
53	-6	29	1	97	11	44	-25	cell = 312 to 319
16	-44	35	-9	60	28	37	-48	cell = 320 to 327
62	-17	41	-13	27	-17	22	-2	cell = 328 to 335
97	14	59	-30	40	-10	54	-12	cell = 336 to 343
59	-14	46	-33	76	-26	42	-17	cell = 344 to 351
38	11	1	-17	37	8	84	10	cell = 352 to 359
42	-14	67	1	29	-26	56	-9	cell = 360 to 367
57	7	62	-16	28	-18	67	-64	cell = 368 to 375
68	-24	22	22	34	-19	26	27	cell = 376 to 383
17	-25	46	-50	24	-19	22	3	cell = 384 to 391
46	-34	16	48	65	-23	34	-27	cell = 392 to 399
41	-36	52	6	58	4	30	0	cell = 400 to 407
24	7	9	10	42	25	67	-29	cell = 408 to 415
52	-21	6	-12	38	-12	37	-13	cell = 416 to 423
6	-37	42	-30	38	5	34	12	cell = 424 to 431
44	-21	20	-10	55	23	-3	8	cell = 432 to 439
51	-33	47	-21	23	-2	10	7	cell = 440 to 447
44	-40	40	17	46	-32	42	-22	cell = 448 to 455
5	2	50	-71	21	-29	24	-12	cell = 456 to 463
55	0	36	-5	42	-18	54	-70	cell = 464 to 471
79	-48	15	-22	45	-11	41	-34	cell = 472 to 479
56	-56	14	14	76	-26	39	-25	cell = 480 to 487
42	-33	35	-19	39	-15	75	-34	cell = 488 to 495
58	-2	-37	-80	-29	-47	-52	-92	cell = 496 to 503
42	9	34	-16	38	-11	41	-25	cell = 504 to 511
6	-17	-59	-45	-36	-13	-17	-35	cell = 512 to 519
-24	-10	-32	-36	-22	-25	-59	-30	cell = 520 to 527
-3	-24	-45	-32	17	-42	-35	-62	cell = 528 to 535
-27	-31	-40	-14	-16	-33	-15	-25	cell = 536 to 543
-41	12	-12	-3	-12	-15	26	-17	cell = 544 to 551
-61	-49	-2	-9	-2	-23	-51	-19	cell = 552 to 559
-2	-14	-42	-10	-23	3	-32	-8	cell = 560 to 567
-4	-46	-3	-3	3	-23	-23	-20	cell = 568 to 575
0	-44	-20	-57	2	-27	2	3	cell = 576 to 583
-7	6	-29	-54	-24	-65	-14	-39	cell = 584 to 591
10	4	-17	-15	0	11	-19	-11	cell = 592 to 599
18	-29	-10	-32	-17	-33	16	-15	cell = 600 to 607
10	-41	-35	-11	0	-7	-7	-12	cell = 608 to 615
-4	-21	-9	-26	-26	-48	-29	-3	cell = 616 to 623
-25	-20	-48	-3	-35	-8	-18	-35	cell = 624 to 631
-42	-22	-51	-18	-24	-15	-33	-4	cell = 632 to 639
-54	-24	-38	-36	-34	1	-37	1	cell = 640 to 647
-23	-14	-4	-15	0	-2	-17	-27	cell = 648 to 655
0	1	2	-38	25	-9	-45	28	cell = 656 to 663
-17	12	-21	-9	9	-26	-12	-47	cell = 664 to 671
-28	-28	-9	-14	-16	-10	21	-12	cell = 672 to 679
2	32	-1	-16	-43	-1	32	-39	cell = 680 to 687
-22	0	-26	-27	-20	-17	-26	13	cell = 688 to 695
-2	-18	-11	-8	-12	-3	-26	-4	cell = 696 to 703
-15	-31	-24	-42	-28	-14	1	-5	cell = 704 to 711
5	-22	-10	18	-47	-23	-13	-32	cell = 712 to 719
3	-44	-15	15	-19	-20	4	-35	cell = 720 to 727
1	-29	10	-3	-4	5	-50	-3	cell = 728 to 735
3	-24	-34	5	-49	7	2	-2	cell = 736 to 743
-38	-45	4	-28	-12	23	2	12	cell = 744 to 751
-15	-53	-30	-26	-42	-75	3	-47	cell = 752 to 759
-44	-4	-11	-45	-21	-37	10	2	cell = 760 to 767
-55	-51	-12	-75	-13	-8	-91	-11	cell = 768 to 775
-41	-20	29	-26	-27	5	-19	-58	cell = 776 to 783
-3	-9	16	-52	0	4	4	-37	cell = 784 to 791
-17	-1	-24	-28	5	10	11	2	cell = 792 to 799
-32	3	-9	1	-24	-47	-34	-4	cell = 800 to 807
-22	0	-8	6	-18	-10	-11	6	cell = 808 to 815
-26	-18	5	-19	-18	16	-34	-10	cell = 816 to 823
-88	-42	-31	-26	14	-9	-27	-13	cell = 824 to 831
-24	-1	-9	-18	-6	-41	0	-25	cell = 832 to 839
-30	-9	-31	9	-37	-78	-15	-37	cell = 840 to 847
-12	-19	-34	-11	-4	33	-37	10	cell = 848 to 855
-19	-33	-13	-41	-42	-2	-12	-18	cell = 856 to 863
-11	-27	-11	-25	-27	-37	15	-22	cell = 864 to 871
7	15	9	-47	-5	-75	-19	13	cell = 872 to 879
-23	25	-15	-6	2	-33	12	7	cell = 880 to 887
-49	-26	-9	5	10	-60	-11	-11	cell = 888 to 895
-7	-21	-14	5	21	-26	-19	-45	cell = 896 to 903
14	5	31	36	-37	-36	39	-42	cell = 904 to 911
10	18	-6	8	-39	9	-14	13	cell = 912 to 919
-16	-2	-19	-12	-16	-21	4	-6	cell = 920 to 927
18	-47	-2	-10	24	-8	-17	10	cell = 928 to 935
13	-2	14	-43	-25	-42	-36	-15	cell = 936 to 943
-20	-5	5	-41	-65	-26	-23	-32	cell = 944 to 951
-11	-5	11	-8	-1	0	-19	-31	cell = 952 to 959
-32	-23	19	-56	-42	-6	17	-38	cell = 960 to 967
17	16	-22	-1	-18	-6	0	15	cell = 968 to 975
-18	-12	9	32	1	-61	-25	6	cell = 976 to 983
-6	17	-27	-9	-41	-13	-30	6	cell = 984 to 991
-43	-12	-27	-30	3	-6	-17	-10	cell = 992 to 999
-7	11	-15	-41	-39	-15	-19	12	cell = 1000 to 1007
-27	-18	-39	-65	-33	-4	-9	-15	cell = 1008 to 1015
8	-3	-35	-43	13	-52	-34	-50	cell = 1016 to 1023
Calibration values from cell 0 to 1024 for channel 6:

1	-11	19	30	39	0	69	16	cell = 0 to 7
62	2	27	18	-3	-16	12	0	cell = 8 to 15
50	-17	45	-7	59	-29	65	-10	cell = 16 to 23
55	4	33	33	67	-7	35	-19	cell = 24 to 31
22	-56	39	-26	-3	28	65	-12	cell = 32 to 39
33	22	64	-28	15	-12	66	14	cell = 40 to 47
68	25	38	-29	30	-46	25	-21	cell = 48 to 55
61	-25	35	14	20	-36	60	-9	cell = 56 to 63
42	14	69	-4	25	1	62	-3	cell = 64 to 71
45	-13	73	18	26	18	71	2	cell = 72 to 79
55	-18	22	3	37	-21	102	-35	cell = 80 to 87
59	-2	32	2	78	13	-4	-19	cell = 88 to 95
37	-23	88	5	60	-13	56	10	cell = 96 to 103
46	-13	47	19	64	-32	55	-18	cell = 104 to 111
57	-35	28	-36	54	8	26	-34	cell = 112 to 119
43	22	22	-10	55	-26	47	-5	cell = 120 to 127
55	-15	44	-16	58	-14	32	-8	cell = 128 to 135
62	-29	11	-10	75	-46	70	-10	cell = 136 to 143
54	0	30	-4	108	-13	36	4	cell = 144 to 151
40	-1	61	-20	43	-6	82	-45	cell = 152 to 159
95	-7	47	-15	37	32	21	-49	cell = 160 to 167
61	32	38	25	68	17	27	-27	cell = 168 to 175
22	-5	51	7	40	-20	43	-3	cell = 176 to 183
59	18	46	-15	76	-34	82	-11	cell = 184 to 191
40	-44	67	-31	19	-6	21	-28	cell = 192 to 199
48	-12	76	6	34	-45	22	9	cell = 200 to 207
6	4	41	3	89	-25	15	-10	cell = 208 to 215
44	-26	51	-2	81	3	63	-2	cell = 216 to 223
25	-17	17	5	65	16	18	37	cell = 224 to 231
36	-24	49	7	8	-31	44	-21	cell = 232 to 239
65	-36	46	-54	63	4	52	-20	cell = 240 to 247
54	24	50	3	37	-35	67	-3	cell = 248 to 255
33	1	52	-17	41	-9	36	-18	cell = 256 to 263
20	-23	53	32	27	5	52	-22	cell = 264 to 271
19	-21	6	-34	33	18	63	-62	cell = 272 to 279
10	8	48	13	40	-31	75	-8	cell = 280 to 287
76	27	29	20	76	-33	50	-37	cell = 288 to 295
53	-14	5	20	42	35	40	-71	cell = 296 to 303
39	21	52	-2	44	-21	55	-10	cell = 304 to 311
76	-17	84	-23	56	-14	62	-28	cell = 312 to 319
42	-30	10	-2	71	-39	33	-28	cell = 320 to 327
21	27	100	7	3	2	56	-10	cell = 328 to 335
0	0	46	-13	54	-39	47	1	cell = 336 to 343
51	9	50	0	58	-11	18	-6	cell = 344 to 351
44	-17	22	-4	59	-11	38	-34	cell = 352 to 359
31	-13	10	-1	29	-24	64	-25	cell = 360 to 367
19	-21	33	44	52	-4	64	-33	cell = 368 to 375
79	1	47	10	76	-12	27	-11	cell = 376 to 383
29	-24	69	-26	53	-23	38	-20	cell = 384 to 391
46	-45	67	-27	71	-35	46	-6	cell = 392 to 399
2	22	39	-2	51	-31	40	-73	cell = 400 to 407
46	-21	-2	-19	75	-30	21	-1	cell = 408 to 415
33	15	50	-33	70	25	25	-1	cell = 416 to 423
50	-10	39	53	43	12	18	-9	cell = 424 to 431
52	-14	31	-2	25	-43	74	7	cell = 432 to 439
49	-7	56	-53	38	31	44	-33	cell = 440 to 447
31	-8	64	-4	23	7	60	-5	cell = 448 to 455
57	-45	16	-5	53	6	45	-47	cell = 456 to 463
49	-12	44	-28	44	-21	49	28	cell = 464 to 471
39	-16	23	1	36	-7	30	15	cell = 472 to 479
72	-2	66	-29	45	8	56	-34	cell = 480 to 487
30	-14	36	-13	28	-13	72	-5	cell = 488 to 495
71	-1	-4	-99	-46	-93	-6	-83	cell = 496 to 503
62	3	25	-25	34	-11	14	-45	cell = 504 to 511
-5	-17	-39	-47	-39	-31	-16	-26	cell = 512 to 519
-13	-27	-7	-28	-53	-30	-21	-32	cell = 520 to 527
-46	-3	-27	-43	-2	-24	-18	-15	cell = 528 to 535
-3	-11	-14	-15	-19	-22	-56	-18	cell = 536 to 543
-29	-4	-50	-22	-27	-11	8	-33	cell = 544 to 551
-40	-8	-28	-19	-3	-57	-4	5	cell = 552 to 559
-12	-39	-27	-26	-11	-13	-16	-51	cell = 560 to 567
-32	-7	-47	-62	-15	-23	-19	-27	cell = 568 to 575
-51	-12	-5	-19	-47	-20	-31	2	cell = 576 to 583
-20	-36	10	-44	-41	-28	-52	-25	cell = 584 to 591
-6	-17	-58	-15	-17	-46	-28	-4	cell = 592 to 599
-6	10	-4	-30	-41	-39	4	-33	cell = 600 to 607
-39	-72	-12	-57	-21	-5	-18	-46	cell = 608 to 615
-4	-63	-37	30	25	-18	-28	-44	cell = 616 to 623
8	9	10	-32	12	-8	-10	-2	cell = 624 to 631
-12	0	3	-21	-27	-19	25	-18	cell = 632 to 639
-7	-38	26	-66	-33	-46	-4	-14	cell = 640 to 647
-15	-6	5	-5	1	0	-35	-11	cell = 648 to 655
-21	-25	-11	-38	7	-15	-3	-28	cell = 656 to 663
-25	-20	-2	5	-59	-7	-30	2	cell = 664 to 671
-40	-26	-12	10	-9	-8	29	7	cell = 672 to 679
-13	-6	-20	23	-6	-29	-30	16	cell = 680 to 687
-18	-33	12	12	-20	-17	-62	-12	cell = 688 to 695
-19	-13	-19	18	2	-10	-13	4	cell = 696 to 703
-13	-9	-19	-27	-13	0	-58	-23	cell = 704 to 711
-8	-14	2	-7	-6	-4	-26	-12	cell = 712 to 719
-35	-42	2	-42	3	-29	-41	-21	cell = 720 to 727
-18	-29	-2	-15	-48	-50	-14	-16	cell = 728 to 735
14	-2	8	-8	8	-44	-19	-22	cell = 736 to 743
-14	-31	10	15	-49	-8	-7	-42	cell = 744 to 751
-2	-47	-28	15	-28	-19	-31	-14	cell = 752 to 759
0	-7	24	-41	5	-26	-11	-12	cell = 760 to 767
-50	23	-3	29	-26	2	-14	-62	cell = 768 to 775
-22	15	-37	0	-28	-30	-39	-28	cell = 776 to 783
-38	-11	-42	-9	-45	-29	0	-36	cell = 784 to 791
5	-7	-18	-45	9	-22	-29	-70	cell = 792 to 799
-11	-3	-34	-37	-6	-1	-33	-15	cell = 800 to 807
-23	11	-37	-14	-8	-22	-21	4	cell = 808 to 815
-26	-12	-8	-11	-22	-35	-36	-27	cell = 816 to 823
-29	-3	-1	-18	-40	-50	0	-27	cell = 824 to 831
-2	-10	-1	-20	3	-31	31	-8	cell = 832 to 839
-26	-52	23	10	17	17	-2	-17	cell = 840 to 847
-38	-14	15	-18	-37	-5	-8	2	cell = 848 to 855
-4	-21	-66	-59	-32	-22	-27	-55	cell = 856 to 863
-47	-17	-9	4	-12	-24	-18	-62	cell = 864 to 871
0	-1	-17	-23	21	-49	18	-31	cell = 872 to 879
-16	11	-25	24	24	3	22	-33	cell = 880 to 887
-53	-35	-18	-22	-48	-17	32	-1	cell = 888 to 895
-22	-10	-51	-16	-2	-6	-34	-38	cell = 896 to 903
-46	-35	-26	1	-24	13	-5	11	cell = 904 to 911
4	-36	-10	-9	-12	-9	-41	-4	cell = 912 to 919
-27	-35	7	9	-27	22	-16	-31	cell = 920 to 927
-14	-50	-31	-20	-2	-19	-30	-24	cell = 928 to 935
-30	-27	-2	-15	24	-16	6	-6	cell = 936 to 943
-29	-10	-12	0	30	-6	-7	-9	cell = 944 to 951
-28	-17	-40	0	-8	-12	-21	20	cell = 952 to 959
13	-33	-40	-24	-19	-46	-12	-10	cell = 960 to 967
-26	9	-4	-4	-16	-27	-41	4	cell = 968 to 975
-23	11	-33	-6	-17	-16	-10	26	cell = 976 to 983
9	-28	-12	-22	-8	-13	-2	10	cell = 984 to 991
-39	-18	-17	-27	-24	-24	3	-11	cell = 992 to 999
-4	-31	-5	-52	-30	-3	-28	-26	cell = 1000 to 1007
-16	-22	-24	-17	-30	4	-15	8	cell = 1008 to 1015
-15	-37	28	-23	-17	-28	18	-32	cell = 1016 to 1023
Calibration values from cell 0 to 1024 for channel 7:

71	-14	21	-22	25	-2	17	-42	cell = 0 to 7
82	-40	45	5	64	-29	52	-15	cell = 8 to 15
9	-44	36	-13	36	31	26	-6	cell = 16 to 23
54	-16	26	-7	82	-24	31	-16	cell = 24 to 31
60	42	30	-42	44	-4	70	-4	cell = 32 to 39
27	-16	33	2	41	-21	51	1	cell = 40 to 47
38	-24	43	20	55	-2	63	-34	cell = 48 to 55
58	32	36	-17	42	-13	15	-15	cell = 56 to 63
58	-1	33	-23	72	-29	57	-48	cell = 64 to 71
53	-10	49	15	39	0	38	-18	cell = 72 to 79
22	2	34	-10	39	-13	52	-12	cell = 80 to 87
101	3	41	7	41	12	43	-32	cell = 88 to 95
24	11	74	-14	81	-26	73	9	cell = 96 to 103
50	-12	33	-7	46	6	63	-8	cell = 104 to 111
47	-5	50	22	7	-42	75	3	cell = 112 to 119
39	-2	5	-57	56	-4	67	12	cell = 120 to 127
63	-6	69	-13	72	10	32	-11	cell = 128 to 135
42	4	71	-34	25	3	38	-21	cell = 136 to 143
69	-15	13	27	94	-25	53	-20	cell = 144 to 151
97	-27	47	-14	88	-14	24	-16	cell = 152 to 159
73	-33	40	9	26	14	43	1	cell = 160 to 167
13	-40	50	3	3	-39	22	43	cell = 168 to 175
85	20	69	9	27	20	17	-1	cell = 176 to 183
28	-11	22	-23	53	-44	-11	-34	cell = 184 to 191
31	-47	61	-28	30	-31	38	-14	cell = 192 to 199
7	-9	69	-34	11	-52	35	-15	cell = 200 to 207
-4	-41	79	-33	49	20	20	-25	cell = 208 to 215
43	18	10	1	43	-20	48	-9	cell = 216 to 223
14	-7	52	-23	57	27	28	39	cell = 224 to 231
57	16	53	7	28	-33	64	18	cell = 232 to 239
47	-49	51	-4	45	19	33	-2	cell = 240 to 247
54	0	81	-1	83	-5	29	-5	cell = 248 to 255
12	-11	61	-35	49	-25	37	24	cell = 256 to 263
49	-9	20	-27	41	-3	31	10	cell = 264 to 271
27	6	81	-32	61	27	75	2	cell = 272 to 279
5	1	58	-16	32	19	49	-3	cell = 280 to 287
63	3	50	-17	68	17	51	-2	cell = 288 to 295
61	11	59	18	43	-32	40	-11	cell = 296 to 303
48	9	79	36	21	-22	32	-9	cell = 304 to 311
56	0	25	-15	55	-55	12	-6	cell = 312 to 319
56	4	35	7	69	-44	54	-35	cell = 320 to 327
-5	-22	77	-17	17	15	56	-8	cell = 328 to 335
62	11	30	1	28	21	54	-3	cell = 336 to 343
52	-21	18	4	45	2	24	-31	cell = 344 to 351
28	-23	57	-15	42	-15	45	19	cell = 352 to 359
60	-2	38	5	41	-17	23	-17	cell = 360 to 367
11	-23	50	23	12	1	13	-19	cell = 368 to 375
41	-6	82	-10	42	-24	20	-7	cell = 376 to 383
46	-11	55	-25	35	-32	26	-11	cell = 384 to 391
49	-13	49	-33	55	5	67	-7	cell = 392 to 399
63	-21	55	15	6	-29	25	40	cell = 400 to 407
50	-29	58	-39	29	-29	24	-4	cell = 408 to 415
72	-55	22	-12	32	-27	33	-25	cell = 416 to 423
42	-59	17	-9	93	-21	44	11	cell = 424 to 431
89	-9	23	21	29	5	50	12	cell = 432 to 439
70	-17	47	-15	66	-21	31	-42	cell = 440 to 447
37	-16	31	2	63	-11	29	6	cell = 448 to 455
68	-55	18	3	30	0	42	8	cell = 456 to 463
8	-6	27	-13	44	-11	51	-3	cell = 464 to 471
8	20	16	-28	35	-30	31	-16	cell = 472 to 479
61	-26	35	5	27	-1	3	-4	cell = 480 to 487
41	-3	23	0	36	0	49	10	cell = 488 to 495
73	-34	-1	-75	-8	-85	-72	-85	cell = 496 to 503
49	5	36	-33	21	-42	39	-7	cell = 504 to 511
-81	-31	-20	-18	8	-50	-25	-27	cell = 512 to 519
-35	-39	-6	12	-9	-41	5	-49	cell = 520 to 527
28	-60	4	-29	-24	-22	-3	-31	cell = 528 to 535
-20	-33	-27	13	-5	-40	-10	-24	cell = 536 to 543
-47	-21	-18	-15	-15	-20	17	-9	cell = 544 to 551
-54	-20	-42	6	-12	-33	1	-24	cell = 552 to 559
20	-14	2	1	-83	-33	7	-8	cell = 560 to 567
-45	-11	-23	-12	-30	-24	0	-39	cell = 568 to 575
-55	-15	-49	-13	-47	-19	8	-33	cell = 576 to 583
-27	-36	29	11	-40	0	-9	10	cell = 584 to 591
-11	-31	17	-16	-20	-41	-50	-4	cell = 592 to 599
-46	-11	-16	-47	-84	-57	6	-3	cell = 600 to 607
-3	-14	-31	-15	-5	6	-41	-6	cell = 608 to 615
-46	-28	1	-25	-39	-5	-46	-16	cell = 616 to 623
2	-28	-32	-46	-34	-55	13	-28	cell = 624 to 631
-41	6	3	-27	-37	-27	-36	-34	cell = 632 to 639
-5	-14	-26	5	-32	-13	-12	-42	cell = 640 to 647
1	-24	-11	-72	-19	-38	32	7	cell = 648 to 655
-15	0	-23	-21	-22	5	-17	8	cell = 656 to 663
-18	-10	9	-64	9	1	-4	-19	cell = 664 to 671
-2	-30	-46	-51	-31	-6	-6	-18	cell = 672 to 679
-33	-1	-12	-11	-28	-10	-17	-22	cell = 680 to 687
-41	-29	-39	-39	-26	8	-32	-15	cell = 688 to 695
1	-10	-9	8	1	-20	-61	-4	cell = 696 to 703
3	-3	-20	-12	-3	-50	-25	7	cell = 704 to 711
-30	-13	-13	-33	3	0	-51	-12	cell = 712 to 719
-17	9	7	-22	-14	-3	-38	-16	cell = 720 to 727
-65	-9	2	30	-8	-1	13	-2	cell = 728 to 735
-4	-7	-39	-36	-21	-5	-43	-27	cell = 736 to 743
2	42	-2	-20	-27	-44	-14	10	cell = 744 to 751
-34	-27	-23	-49	14	-62	-11	-41	cell = 752 to 759
-29	-9	-6	-2	-1	-11	7	16	cell = 760 to 767
-30	-25	-25	-1	-2	-28	-11	-20	cell = 768 to 775
-18	-31	-3	-15	-17	-17	23	-45	cell = 776 to 783
-7	-19	4	26	6	-33	-1	13	cell = 784 to 791
-45	-30	4	32	-17	-24	-27	-11	cell = 792 to 799
-47	0	-27	-60	39	16	-17	8	cell = 800 to 807
-51	-32	28	-29	-6	6	44	-5	cell = 808 to 815
-4	-42	-30	-6	10	2	-29	4	cell = 816 to 823
0	-30	-38	45	19	6	7	-57	cell = 824 to 831
3	-47	-6	-53	-43	5	-25	7	cell = 832 to 839
-31	-4	5	-26	-37	12	-9	-10	cell = 840 to 847
-11	-48	-9	-16	-31	15	-5	-36	cell = 848 to 855
-40	1	25	-14	-24	21	3	-9	cell = 856 to 863
28	-16	-18	-12	-48	30	-8	-5	cell = 864 to 871
-18	-16	-8	-4	-8	-1	-22	-14	cell = 872 to 879
18	-18	-14	-23	-6	-9	-26	-62	cell = 880 to 887
-17	-18	-15	-54	-35	26	-16	-41	cell = 888 to 895
-65	-61	-3	-7	-4	-1	-16	-34	cell = 896 to 903
-33	-12	-10	1	-1	-17	15	-22	cell = 904 to 911
-26	2	-6	-33	-9	-42	-29	-7	cell = 912 to 919
-31	-20	22	-43	-21	-25	-5	0	cell = 920 to 927
-24	-28	32	-23	-42	-4	8	-34	cell = 928 to 935
-12	-16	-43	2	-40	-3	-9	-36	cell = 936 to 943
-69	-33	7	3	-48	-13	18	25	cell = 944 to 951
-5	-33	25	-2	-2	-22	-20	-16	cell = 952 to 959
-33	-27	-30	-43	-43	-24	10	9	cell = 960 to 967
12	3	18	-33	-46	-37	-21	-52	cell = 968 to 975
-9	-25	-28	21	-7	-15	-18	19	cell = 976 to 983
-26	-8	-25	-18	-20	-33	-21	-7	cell = 984 to 991
19	-12	2	-24	-2	-7	8	-5	cell = 992 to 999
-8	-26	5	-36	-6	-18	-24	3	cell = 1000 to 1007
-21	2	-22	-40	-5	5	-56	-32	cell = 1008 to 1015
6	-66	-22	-36	-25	-31	-5	-10	cell = 1016 to 1023
Calibration values from cell 0 to 1024 for channel 8:

57	21	54	-8	82	18	66	-17	cell = 0 to 7
34	-10	20	18	57	-3	57	0	cell = 8 to 15
73	6	26	27	69	11	70	-15	cell = 16 to 23
64	17	53	67	43	21	37	12	cell = 24 to 31
38	0	75	18	60	3	43	-20	cell = 32 to 39
71	20	36	1	22	5	52	20	cell = 40 to 47
47	7	41	20	18	-15	27	45	cell = 48 to 55
9	20	59	-17	54	24	53	15	cell = 56 to 63
89	2	1	10	64	-5	22	8	cell = 64 to 71
56	33	63	1	18	19	49	-10	cell = 72 to 79
3	9	48	7	69	8	86	24	cell = 80 to 87
15	-7	24	-34	19	17	57	-34	cell = 88 to 95
23	3	42	11	9	26	69	9	cell = 96 to 103
24	7	85	-14	-13	5	20	41	cell = 104 to 111
53	-29	34	50	56	-3	21	20	cell = 112 to 119
21	-21	31	-36	35	-38	23	-25	cell = 120 to 127
33	-15	61	-19	24	-20	44	18	cell = 128 to 135
86	16	16	-3	10	9	63	-19	cell = 136 to 143
30	14	55	24	35	-15	26	-41	cell = 144 to 151
62	-6	42	-40	34	10	16	-21	cell = 152 to 159
32	13	64	9	55	-37	58	16	cell = 160 to 167
52	9	25	-9	71	-11	70	-4	cell = 168 to 175
77	21	36	7	41	9	58	31	cell = 176 to 183
70	0	58	-21	71	-15	34	-4	cell = 184 to 191
66	-15	58	20	15	-30	66	19	cell = 192 to 199
80	-17	77	-18	37	-28	9	3	cell = 200 to 207
27	33	67	22	90	4	64	-43	cell = 208 to 215
40	-18	47	15	18	-28	41	32	cell = 216 to 223
53	-40	19	21	54	13	77	25	cell = 224 to 231
52	9	34	8	54	5	58	-14	cell = 232 to 239
52	15	46	-54	39	-13	33	12	cell = 240 to 247
17	35	0	-16	41	-42	41	24	cell = 248 to 255
34	25	38	-70	50	-42	78	4	cell = 256 to 263
71	0	4	6	28	-37	73	-4	cell = 264 to 271
66	-11	77	-34	51	-23	54	-5	cell = 272 to 279
48	7	30	7	32	-23	75	-26	cell = 280 to 287
54	0	12	2	52	-25	30	-29	cell = 288 to 295
48	-8	25	-14	37	33	42	6	cell = 296 to 303
41	-33	-15	-10	42	-35	20	3	cell = 304 to 311
45	-19	65	-10	59	-23	16	19	cell = 312 to 319
39	-5	52	9	74	-14	63	-21	cell = 320 to 327
54	-9	63	9	59	-12	40	-31	cell = 328 to 335
77	9	26	-8	57	-15	39	9	cell = 336 to 343
30	36	38	-23	54	0	41	12	cell = 344 to 351
47	-9	33	13	39	11	53	-26	cell = 352 to 359
44	-16	75	7	21	8	19	12	cell = 360 to 367
44	-29	51	-14	49	-34	15	-19	cell = 368 to 375
57	-24	74	-15	42	3	39	13	cell = 376 to 383
54	8	47	-35	34	36	56	-16	cell = 384 to 391
45	10	24	-23	53	-36	25	-20	cell = 392 to 399
22	-18	40	24	43	22	75	-9	cell = 400 to 407
35	-15	40	24	34	9	-10	-13	cell = 408 to 415
35	9	40	0	32	10	37	-1	cell = 416 to 423
37	45	46	29	62	-15	30	23	cell = 424 to 431
14	-36	55	6	46	9	3	-33	cell = 432 to 439
26	18	47	-48	22	10	33	2	cell = 440 to 447
42	7	44	-9	48	-10	58	55	cell = 448 to 455
57	-9	22	27	-3	16	32	-30	cell = 456 to 463
43	0	57	-38	68	-6	64	25	cell = 464 to 471
32	-32	45	-11	28	15	6	38	cell = 472 to 479
79	-13	46	-20	35	6	40	-12	cell = 480 to 487
58	24	17	0	29	22	30	12	cell = 488 to 495
52	-28	-41	-99	-84	-76	-15	-102	cell = 496 to 503
63	-12	42	-20	65	-39	10	-18	cell = 504 to 511
-49	-61	-56	-27	-20	-43	-49	-25	cell = 512 to 519
-66	-21	-4	-75	-47	-18	-5	-65	cell = 520 to 527
-24	-29	-60	-33	-37	-37	-2	-37	cell = 528 to 535
-15	-19	10	16	-27	-34	-53	-39	cell = 536 to 543
-23	-11	8	-59	23	-16	-36	-14	cell = 544 to 551
-44	-46	-30	-1	7	-40	-28	-75	cell = 552 to 559
-23	-12	-28	10	-48	-11	-23	-43	cell = 560 to 567
-9	-20	-15	-18	-9	-38	-26	-28	cell = 568 to 575
20	6	-56	-31	-55	-7	-30	-11	cell = 576 to 583
-4	13	-3	-17	-33	-23	-16	-42	cell = 584 to 591
-28	-21	-22	-50	-7	-14	11	-30	cell = 592 to 599
-27	8	-17	-59	-12	-36	-19	-7	cell = 600 to 607
-41	-23	-18	-28	-19	-27	-5	-3	cell = 608 to 615
-78	-27	-14	-30	-2	-20	-38	-12	cell = 616 to 623
-45	19	-53	-49	-34	-2	-10	12	cell = 624 to 631
-3	-16	-42	-7	-19	-21	-19	-27	cell = 632 to 639
-40	-49	-68	-38	-11	-8	-28	-35	cell = 640 to 647
-69	5	-24	11	-6	-16	-23	-2	cell = 648 to 655
-21	-15	-47	23	-26	0	-57	-12	cell = 656 to 663
-24	-9	-3	9	-30	-23	4	-15	cell = 664 to 671
-37	-33	-35	-10	-35	5	-28	-20	cell = 672 to 679
1	-19	-21	-34	24	-26	-49	-15	cell = 680 to 687
-35	-20	-35	-65	-8	11	-7	29	cell = 688 to 695
-8	-28	-22	-22	-25	-4	-38	-6	cell = 696 to 703
-40	0	-15	-8	-33	-12	-53	-5	cell = 704 to 711
-38	-11	6	-31	-6	-22	-14	32	cell = 712 to 719
-11	10	-58	-17	-17	27	-49	30	cell = 720 to 727
14	-19	-42	7	-33	-13	-20	-26	cell = 728 to 735
-48	3	-6	-5	-37	-50	-66	-26	cell = 736 to 743
-11	-42	-7	0	-30	-50	-7	-9	cell = 744 to 751
-3	-5	-63	-20	20	-51	-3	-20	cell = 752 to 759
-21	-35	-40	-58	-63	-18	-25	-43	cell = 760 to 767
16	-8	-23	-10	-29	-34	-25	-48	cell = 768 to 775
-4	-8	-29	13	-7	-14	-36	-20	cell = 776 to 783
-35	-22	-48	-46	-2	-13	-28	-13	cell = 784 to 791
-10	-26	-53	-5	-2	-41	-9	-23	cell = 792 to 799
-14	-20	-21	-14	11	0	5	-26	cell = 800 to 807
-4	4	-1	-28	0	-15	-26	-31	cell = 808 to 815
-6	-36	-2	0	-31	-28	-14	-18	cell = 816 to 823
2	-47	-21	25	-10	14	-40	5	cell = 824 to 831
-18	-52	1	-15	-30	-19	-23	-23	cell = 832 to 839
-32	-27	5	-8	-30	-22	-39	-53	cell = 840 to 847
-21	-17	-5	-45	14	21	-12	-13	cell = 848 to 855
-16	36	-43	40	-21	-28	7	-3	cell = 856 to 863
-23	3	19	-74	-81	-32	30	-20	cell = 864 to 871
-26	-18	-14	-8	-31	21	11	-39	cell = 872 to 879
-23	18	-7	2	-37	8	-14	-11	cell = 880 to 887
-49	-24	-5	7	-44	-35	-50	0	cell = 888 to 895
-73	3	-55	-32	-23	19	-3	17	cell = 896 to 903
-23	-43	-32	-29	-46	-25	-15	-23	cell = 904 to 911
-8	-25	-37	16	-1	-45	-12	-20	cell = 912 to 919
-33	-27	10	-37	-43	39	1	-14	cell = 920 to 927
-10	-8	-28	-31	-36	-12	19	-38	cell = 928 to 935
-29	3	-21	42	-11	-17	-35	-34	cell = 936 to 943
-33	-26	-2	-43	-35	-2	-35	-33	cell = 944 to 951
-42	5	-12	-33	-28	-22	-18	50	cell = 952 to 959
6	7	-12	-26	-26	-8	-37	-5	cell = 960 to 967
-15	-1	-24	15	-14	-40	-5	-18	cell = 968 to 975
-27	-9	-34	-33	-20	-24	-32	2	cell = 976 to 983
9	-6	22	21	11	-38	-62	-4	cell = 984 to 991
-24	-55	-7	-11	-41	-46	-36	-42	cell = 992 to 999
-32	-11	-47	-32	-18	-17	-22	-16	cell = 1000 to 1007
-3	-8	-55	-37	-47	-31	-26	-44	cell = 1008 to 1015
-14	2	-26	23	-61	-11	-69	-57	cell = 1016 to 1023
